nServices=100;
nDrivers=70;
nBuses=90;
maxBuses=70;
startingTime=[296 178 289 4 170 155 213 26 93 133 289 270 299 118 300 203 184 219 73 111 238 57 233 240 29 74 121 67 193 236 109 67 141 69 72 206 259 120 27 99 32 142 10 257 154 97 273 142 131 31 239 159 281 195 219 24 131 290 24 184 42 16 247 128 3 144 248 15 189 193 87 248 289 156 209 172 202 131 183 85 286 260 122 267 271 81 105 135 17 66 17 158 296 178 35 220 105 163 70 273];
durationTime=[23 42 48 26 41 26 40 52 25 56 30 26 53 22 36 57 59 27 21 47 57 43 29 43 48 33 33 30 36 36 55 46 59 48 40 39 25 37 24 43 25 48 57 42 38 37 32 21 34 24 39 57 33 33 29 38 44 29 45 53 39 54 48 45 43 29 47 49 52 52 52 25 38 43 59 50 58 50 50 28 39 36 41 28 43 26 53 36 42 43 38 57 24 50 25 51 23 33 55 22];
durationDist=[19 2 4 4 19 15 8 18 16 12 10 9 10 15 17 13 5 17 20 14 17 11 2 14 5 9 20 9 7 7 11 12 9 14 5 3 9 15 7 10 19 14 10 14 11 3 19 3 19 14 5 9 6 17 10 19 5 9 18 4 4 8 20 4 14 20 12 17 5 13 13 6 2 6 8 11 17 5 8 12 3 2 15 17 18 16 20 11 17 20 8 14 4 15 5 3 16 18 19 19];
passengers=[45 2 41 41 33 38 34 6 17 9 12 31 11 24 44 20 35 50 42 33 39 38 4 40 17 41 3 38 21 49 25 25 12 49 45 43 19 20 15 20 22 36 16 18 32 49 6 4 5 49 9 11 38 11 28 21 28 20 19 16 45 21 38 41 44 20 12 3 30 27 40 28 3 39 40 11 42 7 13 20 23 41 2 17 6 32 49 37 22 25 15 34 23 21 47 23 37 22 29 33];
capacity=[46 42 54 28 24 42 16 37 52 55 36 11 59 15 11 59 60 45 57 39 37 23 28 40 28 57 40 35 52 38 17 33 30 38 53 49 43 39 33 45 12 14 28 38 21 51 27 32 47 28 13 27 50 60 34 52 38 37 34 43 52 45 34 42 18 16 39 27 52 56 18 17 44 25 15 53 16 30 40 43 50 32 40 55 21 42 39 60 49 41];
costTime=[1.71 1.6 1.87 1.38 1.89 1.15 1.56 1.98 1.54 1.35 1.57 1.44 1.09 1.56 1.73 1.73 1.24 1.9 1.05 1.47 1.86 1.29 1.78 1.82 1.23 1.57 1.88 1.31 1.0 1.62 1.46 1.38 1.41 1.47 1.88 1.15 1.44 1.3 1.85 1.58 1.89 1.03 1.25 1.53 1.81 1.77 1.63 1.66 1.78 1.4 1.19 1.01 1.53 1.22 1.72 1.71 1.07 1.59 1.89 1.42 1.22 1.57 1.83 1.61 1.67 1.4 1.28 1.6 1.24 1.37 1.57 1.36 1.29 1.11 1.46 1.32 1.84 1.4 1.02 1.74 1.6 1.68 1.82 1.88 1.12 1.37 1.14 1.51 1.32 1.57];
costDist=[3.75 2.11 3.64 3.79 4.32 2.66 3.03 2.66 3.51 2.3 2.49 2.05 4.28 2.8 4.77 4.94 3.66 4.17 3.55 3.36 4.16 4.9 4.77 4.76 3.2 3.82 2.13 3.77 2.64 4.86 4.2 3.42 4.8 2.69 3.86 3.84 4.05 2.59 4.15 2.4 4.55 4.31 3.74 4.45 4.49 3.64 4.04 3.94 3.44 3.61 2.57 2.18 3.24 4.0 4.63 2.81 3.82 3.48 4.98 2.05 4.62 4.88 3.69 2.43 3.48 2.79 4.35 2.04 3.01 3.43 3.31 4.83 2.24 4.32 2.72 2.46 4.25 3.71 3.04 3.65 4.29 4.14 2.07 2.71 2.43 3.21 3.38 2.81 4.32 2.49];
maxTime=[50 71 56 48 66 60 73 44 78 61 70 64 72 48 45 41 55 69 70 76 43 57 45 71 47 72 68 40 67 55 77 55 67 76 77 43 67 62 78 50 71 76 72 78 51 41 46 46 71 63 66 70 62 68 41 61 54 42 54 63 73 73 62 57 70 65 58 60 49 76];
costBM=[7.88 5.81 5.27 7.1 6.32 7.61 7.75 5.0 6.47 7.13 5.19 7.73 7.66 5.45 5.66 7.14 5.97 6.91 5.42 7.4 5.05 7.22 7.93 7.04 6.47 7.27 5.75 5.97 7.27 6.08 7.0 7.46 6.72 6.28 5.5 7.72 6.08 6.39 7.97 6.34 5.31 7.1 5.57 7.8 6.39 6.51 7.0 5.82 7.58 6.5 5.5 6.28 6.15 6.37 7.02 7.78 5.13 7.62 5.98 6.06 7.34 5.67 6.45 6.81 5.59 7.21 5.43 7.65 5.34 5.09];
costEM=[11.02 10.53 8.33 9.91 11.88 9.14 9.34 10.86 10.13 8.42 11.24 9.19 9.95 9.9 9.32 11.22 10.14 8.86 9.54 11.51 8.02 10.64 10.72 8.33 10.3 8.62 9.21 11.8 8.36 9.77 8.72 11.0 11.14 8.65 8.67 11.35 11.19 8.38 11.82 10.23 9.45 8.3 11.91 10.11 9.35 9.19 9.14 10.91 10.68 10.12 10.28 11.71 11.26 10.54 8.67 8.25 10.08 9.12 9.28 11.11 8.48 9.52 8.37 9.61 8.52 10.63 8.23 11.9 11.67 8.5];
BM=[34 36 29 30 30 29 23 39 30 27 33 31 36 36 37 20 31 33 38 20 23 24 36 25 25 34 29 33 38 40 25 37 31 26 21 25 25 38 20 31 26 24 38 35 40 31 31 34 29 22 30 35 25 29 24 28 30 34 36 30 40 23 35 32 34 23 33 29 39 28];
