nServices=50;
nDrivers=30;
nBuses=40;
maxBuses=25;
startingTime=[443 952 1019 825 128 473 883 295 449 527 659 629 483 224 483 426 927 931 124 512 504 894 767 461 991 33 1023 812 762 537 839 319 384 1079 63 327 56 847 286 163 11 673 0 126 827 504 727 648 90 844];
durationTime=[80 120 79 87 51 61 46 91 102 78 83 82 104 89 78 74 114 93 109 55 77 101 61 77 101 50 86 101 57 70 120 120 59 105 115 67 71 44 45 109 100 70 62 79 102 99 85 110 56 46];
durationDist=[17 20 20 13 46 39 31 36 34 13 29 11 33 12 41 42 14 38 50 29 37 12 20 37 11 15 40 30 47 43 36 26 40 24 44 25 29 44 28 45 49 32 39 20 12 27 39 46 16 44];
passengers=[6 15 33 35 18 38 32 40 49 20 25 13 14 46 47 25 43 39 3 44 15 12 40 16 11 29 24 13 18 38 12 6 14 29 27 10 40 26 28 23 21 21 5 35 8 15 22 19 40 48];
capacity=[28 57 44 72 69 10 50 28 50 48 61 73 25 39 39 41 28 32 36 35 19 24 20 53 45 51 25 49 60 13 24 37 50 29 48 34 30 53 24 24];
costTime=[0.15 0.08 0.11 0.06 0.06 0.16 0.1 0.07 0.16 0.13 0.2 0.08 0.07 0.11 0.17 0.07 0.15 0.19 0.08 0.11 0.09 0.1 0.14 0.06 0.11 0.13 0.16 0.18 0.06 0.15 0.16 0.19 0.15 0.09 0.08 0.19 0.19 0.13 0.2 0.08];
costDist=[0.26 0.17 0.29 0.11 0.24 0.26 0.28 0.16 0.1 0.3 0.24 0.19 0.28 0.21 0.21 0.28 0.15 0.21 0.24 0.15 0.15 0.11 0.13 0.13 0.24 0.2 0.2 0.12 0.21 0.11 0.18 0.23 0.13 0.14 0.11 0.23 0.26 0.23 0.19 0.14];
maxTime=[267 297 296 300 259 260 286 249 292 283 297 287 264 284 284 255 249 286 255 253 266 280 275 285 269 270 242 240 249 246];
costBM=[0.19 0.1 0.11 0.12 0.17 0.17 0.17 0.1 0.11 0.17 0.19 0.14 0.18 0.15 0.11 0.14 0.12 0.14 0.13 0.19 0.13 0.12 0.11 0.12 0.13 0.17 0.16 0.18 0.16 0.1];
costEM=[0.3 0.29 0.27 0.28 0.28 0.29 0.29 0.3 0.29 0.27 0.29 0.28 0.29 0.26 0.29 0.29 0.27 0.29 0.27 0.28 0.25 0.26 0.28 0.25 0.27 0.29 0.27 0.27 0.26 0.28];
BM=[217 223 227 223 225 171 198 210 162 238 236 201 186 184 184 173 207 206 167 216 146 169 158 214 140 147 216 174 140 142];
