nServices=50;
nDrivers=30;
nBuses=40;
maxBuses=25;
startingTime=[714 1097 656 244 389 630 545 562 13 156 691 751 177 144 832 727 430 378 652 550 530 15 890 388 813 222 439 82 825 163 504 675 749 319 670 630 67 244 824 134 744 543 149 674 341 802 171 1046 254 314];
durationTime=[40 68 81 112 100 117 89 99 49 41 62 46 87 82 64 58 41 84 67 111 48 90 77 48 120 62 43 116 116 118 92 79 99 109 71 58 107 76 71 41 87 61 107 66 116 76 111 56 59 115];
durationDist=[13 24 38 39 17 47 42 30 40 39 16 31 36 42 25 49 49 47 24 15 47 37 32 38 48 50 32 40 10 22 27 22 38 36 37 46 34 11 28 20 20 43 47 11 36 45 38 23 36 43];
passengers=[25 6 18 6 16 23 29 24 45 37 16 34 35 33 39 16 7 34 10 37 48 10 45 30 25 2 4 38 32 7 42 50 4 18 40 17 24 7 36 23 42 18 3 32 49 38 13 25 41 6];
capacity=[76 64 31 77 18 19 11 73 80 49 36 35 20 20 41 61 53 79 47 64 54 29 15 23 44 34 11 47 79 44 47 16 53 57 17 26 59 19 47 70];
costTime=[0.07 0.18 0.09 0.1 0.15 0.09 0.18 0.14 0.06 0.06 0.16 0.07 0.19 0.07 0.18 0.11 0.17 0.19 0.14 0.07 0.19 0.18 0.13 0.06 0.15 0.13 0.12 0.12 0.1 0.16 0.06 0.08 0.13 0.16 0.09 0.12 0.1 0.07 0.17 0.08];
costDist=[0.27 0.17 0.16 0.21 0.11 0.14 0.11 0.21 0.15 0.12 0.19 0.16 0.24 0.13 0.3 0.2 0.28 0.13 0.16 0.28 0.2 0.18 0.27 0.23 0.23 0.1 0.23 0.11 0.12 0.17 0.26 0.18 0.23 0.17 0.19 0.25 0.16 0.21 0.21 0.14];
maxTime=[262 266 273 258 287 276 289 290 269 272 254 289 272 262 291 289 298 263 282 275 271 264 273 283 251 267 272 290 270 258];
costBM=[0.16 0.19 0.11 0.19 0.17 0.11 0.16 0.2 0.13 0.13 0.13 0.16 0.16 0.17 0.16 0.14 0.14 0.17 0.17 0.1 0.14 0.15 0.17 0.19 0.13 0.17 0.12 0.19 0.11 0.17];
costEM=[0.3 0.29 0.28 0.27 0.28 0.27 0.25 0.25 0.3 0.29 0.28 0.29 0.27 0.25 0.28 0.27 0.29 0.27 0.28 0.28 0.26 0.29 0.28 0.26 0.26 0.29 0.26 0.26 0.29 0.26];
BM=[146 211 238 187 229 198 146 170 140 171 234 164 165 178 142 225 226 169 231 175 223 213 198 173 195 194 161 188 209 216];
