nServices=60;
nDrivers=30;
nBuses=50;
maxBuses=40;
startingTime=[184 169 110 239 329 312 69 213 271 240 28 104 313 139 97 86 264 177 269 94 110 129 117 143 44 203 294 122 10 323 323 185 237 18 143 209 15 173 238 138 57 72 74 230 184 144 29 106 187 347 284 205 248 337 211 291 84 12 155 260];
durationTime=[45 31 38 50 51 26 20 39 27 42 20 31 47 43 23 31 31 34 33 35 31 33 44 23 22 25 43 42 43 42 29 47 39 49 47 55 50 53 42 42 60 29 29 42 35 27 22 43 36 24 20 24 49 41 56 21 20 54 54 42];
durationDist=[9 6 14 20 6 11 14 20 6 18 12 5 10 7 2 14 4 19 6 18 17 10 5 15 6 8 9 19 19 20 10 14 2 10 4 7 20 12 14 3 16 7 17 10 20 7 18 3 2 5 3 10 14 19 20 17 6 14 13 18];
passengers=[21 10 23 40 38 14 24 32 30 27 43 32 47 21 4 17 8 32 32 42 9 25 21 46 44 48 43 8 50 37 2 21 36 8 37 16 45 8 34 8 23 15 44 17 35 39 30 46 19 49 46 14 41 36 6 47 34 24 37 45];
capacity=[16 51 22 58 54 30 10 25 17 44 12 44 32 53 16 40 29 34 25 26 46 51 49 25 27 10 50 39 27 38 29 14 43 26 60 15 28 22 30 22 60 41 35 32 42 35 40 13 32 52];
costTime=[1.52 1.69 1.4 1.84 1.9 1.17 1.69 1.65 1.45 1.81 1.09 1.03 1.06 1.83 1.83 1.47 1.4 1.86 1.33 1.17 1.7 1.74 1.87 1.38 1.07 1.13 1.02 1.52 1.15 1.28 1.54 1.59 1.74 1.07 1.03 1.61 1.33 1.12 1.33 1.51 1.31 1.31 1.49 1.69 1.24 1.52 1.66 1.7 1.11 1.43];
costDist=[2.34 2.14 4.55 3.98 3.99 2.42 4.24 4.54 4.58 4.49 4.91 3.36 2.17 4.95 4.0 2.27 3.0 4.79 4.04 4.09 2.05 2.09 2.66 3.29 3.4 2.99 4.74 2.18 2.97 4.61 3.7 3.24 4.66 2.26 4.56 4.74 4.54 3.62 4.06 2.11 2.07 2.21 3.53 4.45 3.99 2.78 2.83 3.69 4.62 3.99];
maxTime=[61 106 104 109 64 97 119 102 78 100 99 66 109 65 100 79 66 89 94 86 70 82 81 71 67 107 110 98 108 94];
costBM=[6.73 5.1 5.38 6.49 5.57 5.7 5.18 7.05 6.98 7.94 7.26 5.28 7.7 5.27 5.87 5.05 7.8 5.05 6.45 6.76 6.74 5.15 7.45 6.94 6.9 5.67 7.96 5.64 5.58 7.58];
costEM=[9.34 10.27 9.57 8.09 9.51 10.38 10.19 9.86 11.27 10.15 11.59 8.47 8.89 11.2 10.74 9.34 11.53 8.94 8.57 9.75 8.28 11.69 10.23 9.3 10.65 9.45 10.44 10.33 10.54 8.43];
BM=[49 43 47 55 40 50 47 58 52 45 53 56 45 44 47 42 58 45 45 57 49 46 41 47 54 58 54 60 53 52];
