nServices=60;
nDrivers=30;
nBuses=50;
maxBuses=40;
startingTime=[324 329 40 187 350 123 66 224 194 266 17 1 338 256 319 108 58 90 37 204 214 257 199 324 116 149 213 155 283 145 247 312 207 318 327 219 255 88 69 188 146 345 20 238 132 154 9 3 195 159 12 316 345 34 340 307 138 6 174 228];
durationTime=[32 40 47 46 20 50 25 30 23 20 50 35 44 42 34 26 55 21 53 48 27 53 27 51 26 55 23 52 20 23 52 53 35 50 50 49 22 55 38 32 22 43 44 35 45 49 28 55 25 24 37 50 43 43 34 41 32 57 21 40];
durationDist=[14 11 6 2 4 19 6 17 3 7 18 6 17 10 18 8 3 19 10 7 16 11 3 10 3 8 4 3 4 13 2 8 12 13 14 12 16 5 10 16 5 8 7 13 9 12 14 18 13 11 20 3 16 14 11 13 17 4 9 8];
passengers=[12 49 41 19 25 19 4 11 7 25 26 25 13 2 12 38 11 20 47 14 46 27 12 6 6 50 7 29 42 24 48 45 32 39 25 12 24 31 11 17 9 23 45 30 45 37 27 8 13 42 39 25 49 28 19 7 49 8 47 8];
capacity=[34 15 11 56 35 53 41 54 36 28 54 38 25 38 24 40 55 41 11 33 52 18 58 22 12 32 18 33 38 18 21 36 12 48 20 49 57 58 52 14 30 15 38 45 36 22 33 32 15 31];
costTime=[1.51 1.02 1.82 1.07 1.22 1.69 1.35 1.98 1.8 1.13 1.44 1.41 1.15 1.67 1.65 1.47 1.93 1.09 1.57 1.11 1.15 1.17 1.31 1.83 1.32 1.87 1.84 1.97 1.25 1.11 1.2 1.86 1.81 1.46 1.63 1.38 1.13 1.93 1.29 1.5 1.3 1.39 1.57 1.3 1.7 1.74 1.48 1.5 1.44 1.42];
costDist=[3.89 3.55 4.86 2.26 3.85 3.66 2.08 2.51 2.26 3.27 4.43 3.48 2.84 4.95 4.24 4.7 4.26 3.91 4.75 2.14 3.98 4.74 4.37 3.76 4.62 3.96 2.35 2.03 3.05 4.13 4.15 4.21 3.23 2.5 4.84 2.07 2.01 2.38 4.07 4.15 2.98 3.14 4.27 3.73 3.71 3.56 4.64 2.8 3.32 4.47];
maxTime=[84 79 112 93 63 72 95 74 106 73 78 81 91 68 83 110 81 75 92 115 85 69 111 62 86 98 91 104 109 82];
costBM=[6.24 5.09 6.14 5.67 6.67 5.44 6.32 7.53 7.35 7.49 6.8 7.37 5.06 7.48 7.37 6.75 7.73 6.33 7.84 7.12 6.23 5.99 5.66 5.82 7.96 6.29 7.19 7.75 5.53 6.78];
costEM=[11.3 11.56 11.55 11.03 9.26 10.39 11.82 10.81 8.18 9.5 8.25 10.2 11.45 8.36 11.73 10.57 8.27 8.94 9.15 11.56 8.59 11.91 9.37 8.39 11.4 10.44 10.22 9.08 9.52 11.56];
BM=[47 48 41 60 43 60 40 45 40 55 51 48 45 46 41 52 51 52 53 55 50 60 48 51 53 42 43 60 55 43];
