Time: 00:00:28.06
Constraints: 1061
Variables: 649

########################################

// solution (integer optimal, tolerance) with objective 397.25
// Quality Incumbent solution:
// MILP objective                                3.9725000000e+002
// MILP solution norm |x| (Total, Max)           6.03100e+003 2.24000e+002
// MILP solution error (Ax=b) (Total, Max)       1.85936e-014 1.42109e-014
// MILP x bound error (Total, Max)               3.00598e-010 4.57698e-011
// MILP x integrality error (Total, Max)         3.00598e-010 4.57698e-011
// MILP slack bound error (Total, Max)           2.09192e-010 4.57698e-011
// 

x_b = [[0
             0 0 0 0 0 0 0 0 0 1 0 0 0 0 0]
             [0 0 0 0 0 0 0 0 0 0 1 0 0 0 0 0]
             [0 0 1 0 0 0 0 0 0 0 0 0 0 0 0 0]
             [0 0 0 0 0 0 0 0 0 1 0 0 0 0 0 0]
             [0 0 0 0 0 0 0 0 0 1 0 0 0 0 0 0]
             [1 0 0 0 0 0 0 0 0 0 0 0 0 0 0 0]
             [0 0 0 0 0 0 0 0 0 1 0 0 0 0 0 0]
             [0 0 0 0 0 0 0 0 0 1 0 0 0 0 0 0]
             [0 0 0 0 0 0 1 0 0 0 0 0 0 0 0 0]
             [0 0 0 0 0 0 0 0 0 1 0 0 0 0 0 0]
             [0 0 0 0 0 0 0 0 0 0 1 0 0 0 0 0]
             [0 0 0 0 0 0 0 0 1 0 0 0 0 0 0 0]
             [1 0 0 0 0 0 0 0 0 0 0 0 0 0 0 0]
             [0 0 1 0 0 0 0 0 0 0 0 0 0 0 0 0]
             [1 0 0 0 0 0 0 0 0 0 0 0 0 0 0 0]
             [1 0 0 0 0 0 0 0 0 0 0 0 0 0 0 0]
             [0 0 0 0 0 0 0 0 0 0 1 0 0 0 0 0]
             [0 0 0 0 0 0 1 0 0 0 0 0 0 0 0 0]
             [0 0 1 0 0 0 0 0 0 0 0 0 0 0 0 0]
             [0 0 0 0 0 0 0 0 0 1 0 0 0 0 0 0]];
x_timed = [158 201 52 0 193 152 150 140 209 198 0 224];
x_d = [[0 0 0 0 0 0 0 1 0 0 0 0]
             [1 0 0 0 0 0 0 0 0 0 0 0]
             [0 0 0 0 0 0 1 0 0 0 0 0]
             [0 0 0 0 0 0 0 0 1 0 0 0]
             [0 0 0 0 1 0 0 0 0 0 0 0]
             [0 1 0 0 0 0 0 0 0 0 0 0]
             [0 0 0 0 0 0 0 0 0 1 0 0]
             [0 0 1 0 0 0 0 0 0 0 0 0]
             [0 0 0 0 0 0 0 0 1 0 0 0]
             [0 0 0 0 0 1 0 0 0 0 0 0]
             [0 0 0 0 0 0 0 0 0 0 0 1]
             [0 0 0 0 0 0 0 1 0 0 0 0]
             [0 0 0 0 0 1 0 0 0 0 0 0]
             [0 0 0 0 0 0 0 0 0 1 0 0]
             [0 1 0 0 0 0 0 0 0 0 0 0]
             [0 0 0 0 0 0 1 0 0 0 0 0]
             [1 0 0 0 0 0 0 0 0 0 0 0]
             [0 0 0 0 0 0 0 0 1 0 0 0]
             [0 0 0 0 1 0 0 0 0 0 0 0]
             [0 0 0 0 0 0 0 0 0 0 0 1]];
x_usedb = [1 0 1 0 0 0 1 0 1 1 1 0 0 0 0 0];