nServices=40;
nDrivers=24;
nBuses=32;
maxBuses=20;
startingTime=[119 263 820 196 1046 701 1042 838 686 426 87 1094 1098 725 526 139 458 115 330 965 215 346 31 493 500 196 424 355 757 553 634 979 49 1025 897 57 687 681 484 253];
durationTime=[78 105 63 72 81 92 57 63 109 62 97 66 43 57 84 96 100 78 50 63 65 106 71 74 70 46 99 54 63 96 98 65 112 91 109 74 83 52 56 76];
durationDist=[26 45 12 33 19 12 14 25 34 37 28 19 19 24 26 22 31 21 30 22 18 46 28 17 41 41 25 32 43 42 16 31 18 26 27 37 15 26 47 40];
passengers=[41 17 21 25 26 49 46 37 50 20 10 28 16 36 3 43 3 50 21 39 25 26 23 13 50 47 25 35 36 16 6 9 10 48 20 46 28 16 33 9];
capacity=[27 74 17 27 60 42 40 69 55 15 45 22 48 68 63 75 70 64 59 72 43 29 70 42 29 26 44 58 17 74 41 48];
costTime=[0.17 0.16 0.06 0.16 0.07 0.13 0.19 0.08 0.08 0.14 0.19 0.2 0.13 0.06 0.12 0.14 0.13 0.14 0.14 0.19 0.16 0.1 0.19 0.11 0.12 0.09 0.18 0.16 0.09 0.17 0.07 0.11];
costDist=[0.19 0.2 0.21 0.21 0.21 0.11 0.28 0.22 0.12 0.17 0.26 0.13 0.18 0.27 0.26 0.16 0.28 0.27 0.21 0.11 0.11 0.11 0.28 0.11 0.29 0.24 0.23 0.28 0.2 0.11 0.2 0.27];
maxTime=[288 245 279 241 277 250 251 276 280 244 251 242 247 268 292 259 292 241 244 274 269 240 269 260];
costBM=[0.11 0.16 0.12 0.1 0.13 0.2 0.13 0.1 0.13 0.13 0.15 0.19 0.14 0.16 0.11 0.13 0.16 0.19 0.11 0.12 0.13 0.17 0.19 0.13];
costEM=[0.27 0.25 0.28 0.26 0.27 0.28 0.3 0.28 0.26 0.28 0.25 0.3 0.26 0.27 0.27 0.3 0.27 0.28 0.3 0.26 0.27 0.27 0.29 0.29];
BM=[185 162 163 173 222 171 166 193 145 199 194 163 212 151 187 155 212 167 140 179 204 191 215 240];
