nServices=80;
nDrivers=48;
nBuses=64;
maxBuses=40;
startingTime=[66 703 27 719 574 583 573 916 630 966 46 228 605 337 739 1049 30 556 226 365 21 325 210 693 33 392 62 512 1084 1041 704 444 492 602 53 99 861 1097 1096 490 644 817 452 692 297 610 109 64 360 695 1045 742 864 521 452 168 1015 251 311 187 834 639 196 54 639 390 944 41 748 16 97 262 961 687 231 366 454 431 995 473];
durationTime=[80 75 66 67 44 49 99 43 46 52 106 88 104 105 52 115 51 99 67 91 74 80 106 72 118 63 77 41 78 74 76 59 83 59 114 87 92 62 46 40 50 76 88 102 50 72 101 45 68 88 95 108 48 106 107 78 61 108 69 47 101 41 50 95 60 116 113 86 96 119 118 95 115 41 86 72 55 96 54 83];
durationDist=[13 33 47 31 11 47 49 23 10 19 14 10 50 35 24 10 16 46 14 12 39 27 36 22 24 26 42 14 34 47 41 35 35 12 21 44 20 32 14 45 35 14 39 44 23 41 32 14 27 40 42 11 27 39 30 34 46 40 20 37 23 20 31 18 28 21 32 15 16 18 41 20 32 30 19 32 45 25 23 25];
passengers=[6 2 10 16 14 33 24 16 34 7 9 46 32 25 11 15 20 42 10 30 4 28 30 29 13 10 14 46 6 42 40 9 27 22 34 26 20 32 3 19 31 9 18 10 46 23 41 46 28 49 13 12 14 14 2 11 42 22 5 29 47 19 19 35 36 40 15 5 40 49 37 44 50 13 43 2 6 27 19 18];
capacity=[64 40 53 13 59 35 30 56 58 75 72 70 44 21 21 65 21 55 52 53 37 26 57 60 56 44 74 44 29 53 41 64 47 62 36 41 64 32 26 72 76 27 38 32 52 21 48 10 35 26 13 11 20 45 32 25 12 42 31 45 62 28 50 40];
costTime=[0.14 0.07 0.13 0.17 0.11 0.1 0.11 0.11 0.17 0.18 0.14 0.19 0.11 0.19 0.1 0.15 0.13 0.19 0.13 0.12 0.08 0.09 0.07 0.2 0.05 0.19 0.11 0.2 0.14 0.11 0.1 0.09 0.17 0.13 0.07 0.15 0.19 0.16 0.15 0.15 0.11 0.08 0.15 0.07 0.06 0.19 0.14 0.11 0.12 0.14 0.19 0.12 0.19 0.19 0.11 0.11 0.2 0.19 0.11 0.15 0.1 0.06 0.11 0.12];
costDist=[0.27 0.25 0.27 0.1 0.27 0.21 0.27 0.28 0.24 0.24 0.17 0.16 0.11 0.29 0.14 0.21 0.16 0.27 0.16 0.17 0.19 0.14 0.16 0.11 0.16 0.16 0.27 0.18 0.19 0.26 0.25 0.14 0.16 0.25 0.15 0.22 0.22 0.14 0.23 0.11 0.16 0.17 0.13 0.25 0.11 0.24 0.12 0.12 0.2 0.28 0.27 0.27 0.29 0.29 0.17 0.27 0.11 0.26 0.23 0.23 0.11 0.27 0.17 0.12];
maxTime=[279 287 295 288 256 300 265 244 257 256 256 300 298 290 254 290 296 290 268 260 277 263 261 249 265 252 267 295 287 262 292 282 246 257 250 246 274 245 298 240 282 242 296 242 299 267 267 242];
costBM=[0.14 0.13 0.14 0.18 0.19 0.19 0.18 0.18 0.14 0.11 0.12 0.17 0.19 0.11 0.18 0.16 0.12 0.16 0.14 0.1 0.2 0.17 0.16 0.16 0.17 0.18 0.13 0.13 0.13 0.13 0.1 0.16 0.1 0.11 0.16 0.14 0.16 0.18 0.19 0.13 0.16 0.15 0.11 0.12 0.18 0.14 0.15 0.15];
costEM=[0.3 0.28 0.25 0.28 0.29 0.28 0.29 0.28 0.28 0.28 0.25 0.29 0.3 0.25 0.29 0.27 0.27 0.29 0.28 0.28 0.28 0.27 0.27 0.27 0.28 0.28 0.27 0.25 0.3 0.29 0.25 0.28 0.29 0.27 0.28 0.29 0.26 0.3 0.28 0.29 0.27 0.27 0.26 0.29 0.25 0.26 0.28 0.28];
BM=[171 171 178 144 181 159 233 177 163 151 155 143 197 155 182 238 196 172 186 227 204 207 217 150 228 182 167 225 213 149 202 214 185 181 221 151 144 169 162 189 182 225 218 200 188 215 155 217];
