nServices=100;
nDrivers=70;
nBuses=90;
maxBuses=70;
startingTime=[133 294 215 98 5 275 43 2 271 160 91 289 156 171 143 103 220 123 6 26 291 278 112 199 88 208 212 145 98 199 295 249 93 148 285 294 258 236 43 31 196 86 219 203 254 198 29 256 210 284 171 244 216 205 184 221 234 112 210 25 78 183 147 15 67 190 279 140 113 106 77 169 300 271 229 191 108 287 2 89 147 235 145 282 34 25 195 210 166 121 20 52 134 194 242 259 225 48 60 188];
durationTime=[32 59 38 46 40 22 56 32 27 56 42 40 45 20 45 22 60 34 37 30 38 60 34 44 29 30 47 49 40 25 54 44 43 52 60 20 58 36 53 20 31 51 22 52 40 24 24 35 41 40 29 26 50 45 60 24 30 43 46 46 21 28 33 49 38 41 42 29 56 33 59 37 31 31 38 28 31 29 23 31 37 20 25 53 28 24 35 32 29 44 46 43 46 54 34 49 37 24 20 37];
durationDist=[15 13 18 18 2 13 13 9 7 16 6 15 3 8 17 4 7 16 14 6 10 18 12 15 13 8 10 5 11 15 10 4 15 6 3 12 10 17 2 6 6 15 9 10 11 2 9 4 15 13 18 12 15 18 17 14 19 18 18 16 11 14 12 20 13 6 8 3 13 13 14 19 7 3 10 9 12 17 15 14 16 17 9 15 6 16 20 18 11 8 17 20 15 12 18 19 12 17 7 12];
passangers=[20 5 13 12 24 18 37 22 31 36 20 16 8 23 37 19 21 39 43 12 15 36 33 41 15 16 27 43 50 47 48 26 25 35 6 36 40 19 47 49 41 44 5 6 10 29 14 31 38 11 13 12 7 18 19 17 22 31 19 11 2 41 33 13 38 14 11 46 19 12 4 14 27 8 19 17 4 44 17 2 23 5 43 23 45 10 41 19 21 5 32 38 8 44 35 49 49 18 42 17];
capacity=[19 20 47 22 35 37 19 53 12 27 18 37 19 37 40 34 59 21 24 32 17 28 34 59 58 19 28 33 20 24 33 30 53 56 20 10 26 20 21 18 17 56 27 13 50 44 54 49 37 12 13 60 54 31 19 17 39 37 47 57 22 19 22 60 38 54 30 50 60 20 58 31 49 12 33 54 19 49 35 57 39 44 40 53 29 21 40 53 12 56];
costTime=[1.59 1.86 1.78 1.61 1.4 1.44 1.03 1.71 1.92 1.07 1.91 1.75 1.94 1.11 1.27 1.94 1.09 1.59 1.81 1.97 1.53 1.73 1.33 1.97 1.03 1.33 1.67 1.84 1.41 1.7 1.02 1.92 1.67 1.21 1.49 1.26 1.23 1.96 1.24 1.67 1.68 1.05 1.21 1.43 1.33 1.92 1.37 1.14 1.06 1.82 1.56 1.11 1.87 1.87 1.54 1.95 1.09 1.88 1.42 1.12 1.17 1.62 1.45 1.26 1.67 1.62 1.22 1.95 1.15 1.33 1.77 1.98 1.2 1.14 1.62 1.42 1.98 1.53 1.64 1.22 1.75 1.77 1.4 1.83 1.73 1.4 1.31 1.76 1.69 1.56];
costDist=[3.26 3.11 3.23 2.57 2.18 4.1 2.53 3.17 2.3 3.48 2.74 3.57 4.94 3.85 4.85 4.22 5.0 2.05 2.45 4.74 4.02 3.8 2.16 4.22 2.67 3.97 3.76 3.16 2.22 2.76 4.43 2.55 3.81 4.37 3.44 3.31 4.23 4.48 4.0 4.79 2.59 4.08 2.76 4.57 4.93 2.86 2.64 3.38 3.66 2.1 3.63 3.72 4.68 5.0 3.49 3.37 2.59 2.94 4.97 3.99 3.78 2.79 3.41 4.21 4.17 4.94 3.79 3.43 2.68 4.6 2.07 3.99 4.22 3.72 2.81 3.7 4.31 4.99 3.02 4.45 4.48 4.25 2.45 2.59 4.13 3.14 3.28 4.21 4.82 4.12];
maxTime=[52 49 54 50 72 49 57 66 51 52 52 68 64 42 44 56 56 62 65 40 65 68 72 49 53 47 44 58 80 47 41 46 46 45 76 76 43 41 42 42 77 78 59 74 65 52 70 63 60 70 53 78 64 73 69 66 66 72 53 56 47 61 77 79 63 63 78 68 62 80];
costBM=[6.34 7.72 5.19 6.68 7.81 7.93 5.61 6.48 5.77 6.22 7.42 7.21 5.96 6.47 5.28 7.69 6.94 6.82 7.32 5.59 5.04 7.74 5.58 6.17 6.3 7.02 5.13 5.96 6.03 7.79 6.47 7.7 7.15 6.34 5.5 5.59 7.23 5.88 6.73 5.46 6.97 6.45 5.48 6.51 6.23 7.65 5.99 7.88 5.7 6.81 6.59 6.53 6.32 6.05 5.97 5.15 5.44 6.43 7.35 5.56 7.58 7.29 6.21 7.93 6.98 6.04 5.53 6.45 7.15 7.34];
costEM=[9.73 9.6 9.91 8.27 10.04 10.62 10.83 8.34 11.86 8.35 8.54 10.92 10.5 10.37 9.05 9.43 9.78 10.99 10.75 9.78 9.87 11.81 8.92 11.72 9.44 9.46 9.58 11.84 10.71 10.64 9.3 11.68 10.2 11.24 10.41 10.76 11.93 10.95 9.87 9.46 9.31 11.39 11.94 8.53 11.07 8.89 11.17 9.73 10.35 11.31 10.61 9.87 10.89 10.18 11.95 10.54 8.4 8.39 9.02 10.36 11.95 9.5 11.15 9.23 11.74 9.66 9.62 8.56 9.93 8.8];
BM=[22 28 22 31 25 26 27 32 20 39 34 37 20 20 23 39 32 35 30 36 38 23 32 27 20 36 35 21 31 20 33 35 35 32 36 27 26 26 32 28 37 29 31 33 26 20 36 27 36 36 40 32 35 40 30 35 21 25 31 28 37 28 25 24 28 37 33 29 28 31];
