nServices=160;
nDrivers=96;
nBuses=128;
maxBuses=80;
startingTime=[29 1077 348 167 584 588 375 475 570 445 424 544 58 201 956 546 830 709 1047 804 529 602 365 289 813 254 432 922 715 636 643 320 553 1038 269 1021 805 592 646 723 700 577 849 764 201 568 97 303 898 241 900 1026 1001 737 230 1075 33 980 425 987 54 42 840 324 868 212 231 461 281 431 292 184 333 1072 24 1037 914 0 856 61 569 1095 320 128 907 292 1 396 389 741 102 982 206 662 504 83 994 149 766 14 366 145 47 842 334 267 399 613 784 218 717 482 737 528 689 821 843 1033 915 568 726 800 433 691 15 570 729 481 348 747 331 583 989 982 374 988 124 651 707 996 758 665 1020 857 940 1080 240 835 458 521 874 717 772 534 701 766 1029 170 414 643];
durationTime=[74 45 92 84 85 111 93 104 89 89 52 77 50 118 51 41 59 69 85 46 115 59 97 116 52 80 46 98 108 72 74 98 110 82 119 97 96 112 84 65 72 64 53 54 56 119 50 60 92 81 52 53 58 88 49 107 72 42 76 102 49 93 42 41 106 76 56 94 55 118 92 107 102 86 107 46 73 91 84 48 42 54 48 92 44 109 46 90 97 43 44 103 102 81 84 90 65 79 101 100 79 43 46 63 80 45 90 77 51 90 68 40 83 66 70 64 98 118 83 61 64 45 97 40 87 58 83 97 97 43 63 48 109 81 53 65 109 120 114 52 56 48 91 85 69 112 110 96 70 71 113 112 92 110 47 48 95 71 53 119];
durationDist=[45 36 33 19 12 48 42 47 48 37 44 49 35 45 12 14 34 25 42 14 27 31 18 35 16 15 46 10 44 14 44 19 44 26 39 50 24 44 49 38 39 36 40 34 26 33 44 18 20 24 45 25 17 43 33 16 39 32 15 39 10 37 32 14 24 39 50 50 10 26 40 37 32 31 26 13 32 27 43 17 34 15 26 40 48 45 27 41 43 18 35 14 11 10 35 10 30 30 12 37 12 20 31 16 25 36 17 43 11 24 10 34 39 24 18 41 47 41 28 13 21 23 23 46 10 46 45 48 11 47 25 35 21 29 20 30 44 10 17 18 40 29 11 39 20 40 39 21 13 39 12 34 10 45 44 26 13 45 48 43];
passengers=[8 4 15 24 46 49 31 31 38 25 19 23 46 24 34 17 15 11 19 6 11 42 45 32 45 33 23 33 5 26 15 44 37 32 31 47 2 33 30 25 26 35 47 50 35 50 46 17 41 47 16 42 10 38 24 7 16 33 6 3 10 36 49 37 3 28 17 38 35 38 2 45 3 39 19 39 37 13 22 48 4 38 3 27 39 42 33 5 6 4 16 36 37 47 7 3 14 39 17 40 19 29 27 45 46 47 20 36 3 39 49 23 42 48 37 29 43 45 17 39 48 36 34 9 7 2 27 21 5 31 18 47 29 34 34 38 11 5 19 21 44 33 12 45 47 23 40 8 25 10 27 49 50 38 34 36 30 18 2 29];
capacity=[50 14 38 62 42 70 14 46 64 61 44 66 32 43 23 78 71 22 15 79 41 35 53 52 33 17 53 68 14 64 63 30 16 68 42 11 57 19 33 31 65 71 33 45 14 41 53 41 53 79 60 26 64 18 29 15 50 10 51 49 12 73 63 43 39 15 79 69 79 38 60 56 38 68 58 32 53 49 33 28 19 34 65 28 16 31 79 11 21 58 78 40 27 41 26 12 75 55 68 44 75 37 17 20 18 40 12 63 16 47 48 66 67 45 63 18 31 46 13 38 25 77 49 22 77 43 47 68];
costTime=[0.13 0.17 0.09 0.11 0.07 0.12 0.14 0.11 0.06 0.19 0.07 0.11 0.08 0.06 0.05 0.08 0.13 0.15 0.13 0.16 0.18 0.1 0.14 0.1 0.07 0.18 0.1 0.15 0.17 0.07 0.15 0.09 0.13 0.05 0.16 0.17 0.14 0.07 0.18 0.08 0.11 0.19 0.2 0.06 0.07 0.1 0.09 0.17 0.15 0.08 0.07 0.15 0.14 0.14 0.05 0.05 0.18 0.09 0.1 0.14 0.08 0.15 0.17 0.2 0.12 0.14 0.15 0.1 0.14 0.19 0.17 0.12 0.06 0.13 0.06 0.18 0.19 0.12 0.14 0.13 0.14 0.09 0.13 0.17 0.08 0.11 0.17 0.06 0.09 0.11 0.1 0.12 0.1 0.12 0.15 0.1 0.15 0.19 0.07 0.15 0.08 0.06 0.08 0.05 0.07 0.12 0.11 0.09 0.17 0.06 0.06 0.07 0.16 0.15 0.1 0.19 0.09 0.13 0.16 0.13 0.1 0.11 0.1 0.12 0.13 0.06 0.17 0.05];
costDist=[0.29 0.18 0.13 0.25 0.24 0.21 0.14 0.13 0.17 0.27 0.28 0.11 0.2 0.18 0.3 0.25 0.27 0.27 0.23 0.15 0.14 0.29 0.25 0.16 0.23 0.12 0.29 0.18 0.13 0.18 0.18 0.16 0.12 0.2 0.13 0.29 0.18 0.29 0.25 0.28 0.22 0.16 0.2 0.17 0.2 0.24 0.12 0.21 0.19 0.15 0.13 0.12 0.23 0.29 0.27 0.15 0.29 0.21 0.25 0.29 0.22 0.24 0.22 0.11 0.19 0.23 0.17 0.1 0.18 0.21 0.19 0.24 0.26 0.13 0.27 0.29 0.29 0.12 0.24 0.21 0.13 0.19 0.12 0.22 0.24 0.22 0.17 0.21 0.16 0.29 0.28 0.27 0.11 0.23 0.13 0.19 0.23 0.14 0.3 0.15 0.28 0.22 0.17 0.13 0.27 0.18 0.24 0.25 0.28 0.24 0.29 0.29 0.27 0.3 0.2 0.28 0.17 0.22 0.3 0.23 0.21 0.15 0.15 0.2 0.14 0.22 0.19 0.29];
maxTime=[282 286 293 249 245 277 257 272 279 270 291 295 293 241 252 240 296 298 256 264 250 245 262 265 291 288 258 249 282 265 240 271 268 245 298 277 269 253 271 267 297 286 249 243 249 258 242 251 275 257 280 249 279 298 245 261 270 292 256 285 250 243 259 265 281 247 266 280 289 270 275 241 289 266 288 244 251 279 273 267 267 251 290 241 284 292 294 265 261 248 294 284 258 259 300 263];
costBM=[0.2 0.13 0.2 0.2 0.15 0.19 0.12 0.2 0.18 0.17 0.17 0.13 0.11 0.14 0.12 0.14 0.14 0.12 0.12 0.11 0.17 0.19 0.19 0.12 0.17 0.11 0.18 0.12 0.12 0.13 0.16 0.17 0.17 0.17 0.13 0.16 0.16 0.1 0.18 0.14 0.1 0.19 0.17 0.2 0.14 0.12 0.13 0.13 0.15 0.19 0.12 0.13 0.13 0.13 0.17 0.2 0.18 0.15 0.14 0.16 0.16 0.18 0.2 0.19 0.14 0.14 0.17 0.17 0.19 0.13 0.12 0.16 0.15 0.18 0.18 0.12 0.11 0.18 0.2 0.1 0.17 0.19 0.15 0.16 0.15 0.16 0.13 0.15 0.18 0.14 0.17 0.1 0.2 0.19 0.15 0.14];
costEM=[0.29 0.26 0.29 0.26 0.27 0.26 0.25 0.27 0.25 0.28 0.26 0.26 0.26 0.28 0.27 0.28 0.29 0.26 0.27 0.28 0.26 0.29 0.3 0.26 0.26 0.29 0.26 0.28 0.27 0.25 0.27 0.29 0.28 0.27 0.25 0.29 0.28 0.28 0.3 0.29 0.28 0.28 0.28 0.28 0.25 0.29 0.25 0.26 0.25 0.27 0.29 0.25 0.26 0.3 0.27 0.29 0.26 0.25 0.27 0.28 0.29 0.26 0.26 0.25 0.27 0.26 0.25 0.3 0.29 0.3 0.25 0.26 0.29 0.28 0.25 0.28 0.26 0.25 0.25 0.3 0.3 0.26 0.28 0.27 0.26 0.26 0.25 0.29 0.28 0.29 0.3 0.3 0.27 0.27 0.28 0.3];
BM=[155 187 195 227 187 186 142 193 229 182 160 202 177 212 210 167 229 221 154 179 163 230 180 205 175 183 216 148 192 208 147 220 236 224 231 233 207 211 176 208 155 157 235 217 222 175 234 146 230 240 231 148 160 230 229 235 164 171 180 217 238 191 182 229 205 226 192 235 181 163 204 212 150 148 240 220 222 174 170 223 223 207 214 151 147 164 217 160 198 216 164 169 218 154 191 182];
