nServices=160;
nDrivers=96;
nBuses=128;
maxBuses=80;
startingTime=[484 281 639 170 463 348 860 418 966 513 1076 1091 859 187 346 197 187 124 745 686 231 431 273 60 320 193 411 211 196 373 197 535 1012 521 627 273 342 352 930 1096 300 422 97 819 114 719 742 949 565 877 737 302 378 12 643 385 138 500 566 578 1083 780 147 224 892 3 562 456 903 366 1037 646 105 94 173 800 936 841 1051 663 285 903 973 437 997 996 215 730 556 76 395 239 625 723 604 706 749 669 1047 1069 750 922 145 820 129 645 628 524 144 705 634 676 116 1066 914 252 249 80 611 839 511 51 98 297 146 804 369 63 1043 765 289 576 970 537 126 273 13 467 212 949 749 643 938 83 955 923 132 190 296 98 164 704 909 247 1013 77 668 321 19 577];
durationTime=[120 106 44 50 75 86 89 79 57 84 77 45 92 107 108 82 53 98 108 84 88 49 111 86 56 107 42 70 60 54 95 53 85 109 97 95 99 65 48 63 64 111 67 101 108 81 86 89 47 76 118 105 116 110 104 108 52 109 104 90 104 75 78 81 100 110 109 70 62 107 63 102 55 90 75 118 97 61 81 83 114 91 94 91 73 46 84 80 59 55 40 63 91 46 80 64 75 97 76 74 110 45 84 118 66 104 57 65 76 103 75 60 77 106 120 52 87 96 70 106 102 58 60 62 46 80 50 107 96 115 117 114 56 112 42 103 47 46 75 71 90 46 79 108 78 60 84 119 46 78 64 69 76 76 114 83 92 97 70 83];
durationDist=[22 48 16 38 13 38 13 30 18 26 33 31 34 26 48 48 32 33 38 18 37 11 44 18 49 26 49 13 35 13 46 15 44 31 20 33 17 23 33 40 37 26 39 18 39 33 42 16 18 38 16 14 17 22 43 12 17 38 49 21 37 18 44 31 13 19 12 24 23 11 37 34 46 30 42 16 42 24 17 14 41 47 44 41 47 49 42 45 15 18 35 43 30 11 21 30 49 27 22 43 27 37 27 22 36 45 36 12 18 49 46 32 37 35 43 10 24 50 17 15 17 18 11 20 37 34 18 19 16 14 10 34 21 30 48 27 15 46 37 12 40 12 43 29 19 21 36 38 39 31 37 22 42 20 16 44 39 48 27 18];
passengers=[29 18 21 30 23 15 15 10 34 44 38 41 25 25 42 13 34 49 35 48 25 16 26 19 7 24 16 14 26 25 22 29 36 41 29 10 19 7 50 4 4 19 38 28 24 26 11 3 8 2 43 20 5 5 35 7 25 29 28 34 10 50 28 43 45 44 45 31 27 28 18 14 50 2 10 16 45 44 11 14 10 42 44 38 46 43 34 29 7 11 11 22 30 39 47 36 26 47 46 46 5 29 16 17 47 26 50 30 18 13 10 2 14 12 12 32 48 47 5 4 35 5 48 42 49 41 24 21 37 6 31 42 29 50 12 46 32 12 31 42 35 12 32 21 34 49 40 8 11 38 27 33 2 33 7 18 43 13 29 50];
capacity=[61 58 51 41 65 44 26 11 60 80 78 23 13 58 60 73 52 11 56 71 69 52 40 58 45 43 24 55 27 70 68 56 25 76 61 79 24 25 35 12 51 63 61 74 77 60 49 74 47 17 45 51 24 46 28 42 36 79 20 25 74 36 66 49 17 57 24 49 44 15 40 35 53 17 51 27 40 18 55 37 70 68 25 34 76 16 74 46 11 79 75 44 43 73 76 11 73 18 13 16 49 49 71 42 14 63 23 23 25 43 65 13 75 61 26 57 30 68 15 49 65 45 79 47 19 73 18 45];
costTime=[0.1 0.07 0.09 0.11 0.15 0.11 0.11 0.15 0.19 0.17 0.13 0.13 0.08 0.13 0.06 0.07 0.13 0.17 0.18 0.18 0.13 0.09 0.09 0.17 0.11 0.16 0.09 0.09 0.06 0.06 0.16 0.08 0.19 0.11 0.15 0.06 0.15 0.17 0.1 0.16 0.17 0.07 0.06 0.19 0.09 0.19 0.1 0.19 0.09 0.13 0.13 0.13 0.16 0.15 0.11 0.14 0.19 0.09 0.07 0.2 0.17 0.17 0.19 0.19 0.14 0.15 0.18 0.16 0.11 0.16 0.07 0.07 0.09 0.14 0.13 0.13 0.14 0.08 0.16 0.12 0.14 0.06 0.11 0.14 0.1 0.16 0.16 0.19 0.17 0.06 0.08 0.09 0.16 0.1 0.08 0.11 0.17 0.11 0.19 0.1 0.18 0.15 0.12 0.11 0.1 0.08 0.15 0.18 0.11 0.14 0.14 0.19 0.12 0.05 0.1 0.13 0.11 0.09 0.19 0.11 0.14 0.15 0.17 0.08 0.18 0.12 0.06 0.14];
costDist=[0.24 0.12 0.15 0.27 0.23 0.17 0.25 0.22 0.17 0.28 0.3 0.22 0.2 0.13 0.28 0.14 0.3 0.22 0.26 0.14 0.26 0.28 0.14 0.14 0.19 0.11 0.11 0.17 0.15 0.18 0.12 0.1 0.18 0.29 0.23 0.2 0.16 0.12 0.18 0.19 0.11 0.19 0.21 0.21 0.12 0.25 0.11 0.15 0.27 0.23 0.15 0.17 0.3 0.23 0.2 0.16 0.22 0.28 0.17 0.27 0.29 0.28 0.23 0.17 0.28 0.15 0.15 0.28 0.15 0.13 0.23 0.25 0.24 0.25 0.11 0.23 0.14 0.27 0.18 0.21 0.27 0.16 0.11 0.24 0.28 0.25 0.18 0.11 0.26 0.16 0.26 0.26 0.23 0.11 0.26 0.21 0.18 0.11 0.2 0.11 0.25 0.21 0.11 0.12 0.22 0.25 0.28 0.18 0.2 0.18 0.27 0.3 0.12 0.2 0.28 0.12 0.22 0.25 0.2 0.22 0.25 0.11 0.19 0.17 0.19 0.16 0.18 0.23];
maxTime=[298 277 256 287 286 253 287 281 266 282 287 278 259 265 297 273 254 299 294 271 288 283 250 253 244 269 267 262 254 253 251 293 249 285 272 280 297 273 249 278 278 287 261 295 265 287 298 267 259 251 243 287 290 298 240 284 283 293 274 283 273 286 259 260 271 284 299 283 248 241 243 269 299 249 282 296 252 281 248 299 263 266 259 263 241 291 240 246 286 274 250 275 258 259 259 263];
costBM=[0.19 0.14 0.17 0.14 0.18 0.19 0.13 0.2 0.17 0.15 0.12 0.12 0.16 0.16 0.14 0.2 0.13 0.17 0.18 0.13 0.12 0.1 0.2 0.18 0.15 0.15 0.14 0.12 0.14 0.12 0.17 0.19 0.15 0.16 0.11 0.13 0.15 0.14 0.12 0.16 0.18 0.18 0.14 0.16 0.1 0.17 0.15 0.11 0.19 0.15 0.16 0.2 0.12 0.16 0.15 0.16 0.17 0.17 0.11 0.12 0.19 0.17 0.15 0.16 0.12 0.13 0.18 0.19 0.13 0.13 0.15 0.19 0.16 0.15 0.19 0.1 0.17 0.17 0.14 0.15 0.2 0.15 0.11 0.16 0.15 0.18 0.13 0.12 0.19 0.11 0.14 0.18 0.11 0.1 0.13 0.12];
costEM=[0.3 0.26 0.27 0.26 0.29 0.3 0.27 0.27 0.25 0.25 0.26 0.27 0.29 0.27 0.29 0.28 0.28 0.28 0.28 0.25 0.26 0.3 0.25 0.26 0.28 0.28 0.29 0.25 0.26 0.27 0.26 0.25 0.29 0.28 0.26 0.29 0.26 0.28 0.26 0.29 0.3 0.26 0.28 0.27 0.29 0.3 0.28 0.3 0.26 0.28 0.25 0.25 0.28 0.26 0.3 0.28 0.28 0.28 0.28 0.26 0.26 0.3 0.26 0.3 0.28 0.29 0.28 0.25 0.27 0.26 0.28 0.27 0.27 0.26 0.29 0.26 0.27 0.26 0.29 0.29 0.26 0.27 0.26 0.27 0.29 0.28 0.3 0.29 0.27 0.3 0.29 0.26 0.27 0.29 0.29 0.28];
BM=[240 213 211 218 160 226 169 146 178 214 200 235 179 204 232 161 176 187 179 153 237 216 227 234 152 206 165 201 207 190 228 183 231 196 233 217 153 221 181 213 195 227 177 159 228 141 178 225 204 222 190 140 197 151 161 240 238 167 155 239 230 184 227 200 167 172 201 202 196 191 198 183 150 152 147 206 160 189 228 179 201 153 210 142 151 202 175 165 171 233 185 228 141 158 201 232];
