nServices=160;
nDrivers=96;
nBuses=128;
maxBuses=80;
startingTime=[14 215 272 800 885 440 574 45 412 1061 938 796 101 127 65 206 970 640 1023 334 543 565 310 41 991 20 406 1067 690 820 684 1084 261 73 345 734 952 936 538 389 747 270 120 674 997 895 949 525 92 459 461 881 203 408 441 613 1079 174 249 989 671 38 802 800 941 414 288 55 520 90 602 1019 17 643 164 796 449 324 353 872 386 855 658 521 83 498 231 258 648 893 797 919 428 453 1100 881 962 793 112 1040 979 101 486 835 259 774 16 1096 135 106 89 39 323 790 576 89 1079 865 1042 413 36 496 1087 712 306 217 815 671 877 746 643 295 465 970 689 179 733 661 1070 876 974 1083 5 383 253 490 564 30 795 18 117 235 49 1025 953 3 737 110 274 786];
durationTime=[77 72 42 72 89 84 118 51 116 65 82 64 106 50 100 103 113 115 105 84 96 81 51 94 51 109 87 117 63 88 109 118 105 108 80 118 107 100 112 77 49 114 44 66 93 87 94 51 63 59 90 103 52 81 97 119 90 104 44 82 73 77 77 93 105 61 101 114 74 71 108 108 113 112 85 41 41 55 83 55 93 74 103 40 113 75 96 92 73 96 55 55 112 110 63 45 69 71 53 106 90 105 82 70 48 120 105 43 42 103 95 75 109 67 92 97 49 85 78 71 93 116 104 109 66 120 65 60 83 44 116 74 77 68 72 105 120 109 70 64 91 64 71 96 48 58 80 58 42 103 79 110 81 85 56 93 119 42 102 92];
durationDist=[29 44 19 19 24 26 26 21 24 38 39 37 10 17 38 41 39 46 42 32 47 46 28 34 12 49 29 23 23 40 36 26 13 21 12 28 22 44 12 34 21 20 27 36 22 32 28 14 18 16 46 20 48 21 21 36 34 40 41 49 45 13 28 29 24 37 23 10 36 14 11 16 46 33 22 48 44 13 50 10 24 19 37 17 29 41 26 43 11 11 49 25 26 10 18 25 44 47 39 31 48 47 49 30 46 47 18 39 24 34 38 10 43 18 17 10 43 43 35 21 31 47 10 15 14 50 50 19 34 31 11 14 36 42 15 27 15 43 41 11 36 27 27 16 29 33 45 39 33 47 41 19 37 14 27 25 49 19 42 34];
passengers=[20 37 10 39 5 22 31 12 40 7 33 13 44 34 2 27 42 5 48 22 9 40 50 29 33 19 19 25 43 2 44 31 43 15 43 45 25 8 6 49 50 24 36 35 40 8 50 5 40 26 5 25 48 34 15 42 15 14 13 39 4 44 46 19 7 48 16 17 43 39 6 5 40 24 42 3 16 37 32 8 46 21 46 32 35 7 4 4 38 15 24 39 32 27 10 40 23 25 3 26 43 10 8 2 19 40 11 27 29 38 13 17 39 13 5 38 34 4 46 24 28 32 34 40 26 3 18 28 34 35 30 17 2 36 12 19 5 34 15 6 48 15 31 11 2 5 26 50 31 49 31 12 43 41 3 49 39 36 36 36];
capacity=[62 62 26 50 76 28 38 64 52 38 42 39 63 31 62 37 28 12 67 73 70 66 37 21 33 40 28 26 27 24 74 30 35 20 45 40 18 36 29 41 14 25 35 55 51 20 12 76 37 72 49 47 35 47 49 48 35 32 73 26 29 62 16 76 66 73 27 80 40 48 15 25 15 48 71 68 79 19 31 41 10 55 42 14 76 78 17 65 29 66 40 56 44 22 41 14 34 10 58 80 24 31 65 61 78 45 77 29 33 14 29 43 12 34 15 75 43 55 32 43 58 21 61 61 54 30 25 79];
costTime=[0.14 0.08 0.1 0.2 0.11 0.17 0.07 0.11 0.19 0.19 0.09 0.1 0.17 0.17 0.13 0.06 0.17 0.1 0.18 0.1 0.08 0.07 0.08 0.06 0.11 0.1 0.19 0.15 0.09 0.12 0.07 0.11 0.15 0.07 0.17 0.1 0.13 0.16 0.13 0.15 0.14 0.14 0.18 0.09 0.1 0.07 0.16 0.16 0.17 0.15 0.17 0.14 0.11 0.06 0.07 0.14 0.15 0.08 0.07 0.17 0.17 0.08 0.2 0.08 0.08 0.06 0.06 0.18 0.16 0.18 0.06 0.18 0.06 0.16 0.06 0.16 0.06 0.14 0.06 0.12 0.13 0.13 0.17 0.19 0.12 0.18 0.16 0.06 0.07 0.12 0.15 0.09 0.1 0.06 0.06 0.16 0.17 0.1 0.13 0.1 0.13 0.09 0.16 0.18 0.17 0.07 0.17 0.05 0.07 0.09 0.16 0.13 0.06 0.14 0.06 0.07 0.09 0.06 0.19 0.13 0.16 0.1 0.13 0.15 0.07 0.15 0.14 0.17];
costDist=[0.29 0.26 0.19 0.18 0.11 0.28 0.24 0.2 0.23 0.13 0.16 0.29 0.23 0.1 0.14 0.19 0.14 0.17 0.23 0.16 0.26 0.16 0.24 0.16 0.11 0.29 0.11 0.12 0.28 0.25 0.23 0.24 0.15 0.13 0.23 0.23 0.15 0.25 0.3 0.13 0.24 0.26 0.25 0.13 0.11 0.21 0.2 0.16 0.18 0.24 0.17 0.14 0.28 0.17 0.14 0.2 0.21 0.19 0.12 0.29 0.26 0.26 0.19 0.3 0.23 0.23 0.26 0.17 0.25 0.24 0.11 0.19 0.17 0.18 0.28 0.13 0.21 0.21 0.16 0.29 0.26 0.17 0.15 0.28 0.26 0.26 0.24 0.23 0.13 0.14 0.26 0.14 0.11 0.13 0.14 0.16 0.14 0.17 0.29 0.2 0.11 0.22 0.21 0.26 0.19 0.22 0.16 0.11 0.19 0.18 0.21 0.24 0.29 0.29 0.26 0.18 0.22 0.11 0.14 0.26 0.22 0.15 0.23 0.14 0.2 0.29 0.2 0.21];
maxTime=[297 279 271 251 242 269 282 273 243 259 278 283 262 286 274 291 289 287 256 281 287 247 292 257 297 240 281 246 248 242 272 249 276 275 276 287 288 281 300 257 281 278 244 264 298 242 251 247 299 252 280 246 254 291 255 286 277 279 286 276 247 285 257 285 271 266 284 280 254 244 254 274 246 262 243 272 298 288 293 297 291 297 300 274 272 294 255 251 256 265 255 247 291 296 271 264];
costBM=[0.12 0.14 0.15 0.19 0.17 0.18 0.15 0.18 0.15 0.14 0.14 0.15 0.15 0.13 0.16 0.14 0.17 0.13 0.13 0.15 0.13 0.17 0.12 0.19 0.2 0.13 0.18 0.14 0.12 0.13 0.18 0.13 0.18 0.18 0.15 0.1 0.14 0.13 0.16 0.14 0.18 0.13 0.15 0.15 0.17 0.19 0.12 0.15 0.17 0.11 0.11 0.12 0.18 0.11 0.11 0.16 0.15 0.17 0.11 0.11 0.15 0.19 0.13 0.17 0.16 0.13 0.17 0.12 0.19 0.17 0.11 0.11 0.11 0.18 0.2 0.13 0.19 0.2 0.11 0.17 0.14 0.13 0.1 0.12 0.18 0.14 0.15 0.15 0.11 0.18 0.12 0.16 0.18 0.12 0.11 0.1];
costEM=[0.29 0.27 0.26 0.3 0.27 0.28 0.29 0.28 0.26 0.29 0.25 0.29 0.26 0.3 0.25 0.27 0.29 0.27 0.26 0.25 0.28 0.28 0.26 0.26 0.29 0.28 0.3 0.27 0.28 0.26 0.26 0.26 0.3 0.29 0.3 0.28 0.3 0.28 0.28 0.25 0.27 0.3 0.28 0.28 0.28 0.28 0.3 0.3 0.27 0.27 0.29 0.26 0.28 0.28 0.27 0.28 0.25 0.27 0.27 0.28 0.25 0.27 0.28 0.3 0.27 0.3 0.26 0.3 0.25 0.28 0.28 0.25 0.28 0.27 0.28 0.27 0.29 0.25 0.28 0.26 0.29 0.26 0.27 0.26 0.3 0.27 0.29 0.28 0.25 0.26 0.27 0.29 0.27 0.3 0.28 0.27];
BM=[153 159 209 169 203 225 208 191 235 171 141 154 203 196 155 212 192 167 233 155 237 153 207 147 211 232 219 223 229 162 226 183 229 217 207 226 159 173 210 220 228 219 191 207 183 216 190 231 228 167 194 232 151 167 151 191 218 157 232 176 204 175 225 144 224 164 212 160 168 172 147 222 220 193 141 177 171 178 187 167 181 158 151 156 235 231 220 199 162 191 206 238 188 155 206 231];
