nServices=60;
nDrivers=36;
nBuses=48;
maxBuses=30;
startingTime=[300 364 676 769 189 981 640 382 112 38 233 758 200 869 1055 311 306 910 273 690 1089 963 303 224 243 211 389 964 647 626 266 1059 5 919 744 279 650 113 303 1039 2 151 109 8 894 449 278 959 109 816 857 158 1012 597 52 116 83 633 631 1087];
durationTime=[106 100 91 106 103 99 107 53 46 91 98 120 114 91 94 120 101 58 75 77 72 74 46 74 48 88 104 115 62 111 59 64 56 47 95 55 55 93 64 83 42 102 113 84 82 66 84 113 70 46 53 89 70 52 115 44 87 82 64 49];
durationDist=[49 38 10 40 10 41 32 39 32 46 22 23 41 41 42 47 38 45 36 50 27 31 24 45 46 46 24 33 37 44 43 21 28 48 46 47 34 19 11 25 36 16 45 20 39 37 33 42 43 40 27 49 20 13 24 34 50 44 46 12];
passengers=[9 40 27 45 40 27 32 38 6 2 33 47 41 27 44 27 16 10 7 26 6 7 13 43 10 48 23 25 10 27 35 11 30 34 21 13 9 38 38 41 34 43 3 19 4 32 7 43 7 35 37 11 15 15 14 36 42 44 49 48];
capacity=[71 66 19 38 47 31 23 56 62 61 57 42 78 67 34 19 33 13 76 32 54 44 42 79 25 21 20 27 29 47 57 14 30 37 23 80 29 42 25 44 37 26 28 63 21 37 17 29];
costTime=[0.14 0.2 0.19 0.09 0.14 0.17 0.07 0.1 0.07 0.19 0.19 0.09 0.11 0.2 0.09 0.07 0.12 0.18 0.1 0.19 0.1 0.09 0.07 0.18 0.06 0.15 0.07 0.07 0.07 0.07 0.07 0.19 0.14 0.08 0.1 0.14 0.17 0.16 0.07 0.13 0.17 0.09 0.06 0.11 0.06 0.11 0.11 0.15];
costDist=[0.15 0.15 0.21 0.14 0.19 0.24 0.11 0.28 0.18 0.16 0.26 0.2 0.27 0.24 0.28 0.11 0.1 0.17 0.14 0.15 0.23 0.21 0.27 0.27 0.26 0.21 0.19 0.21 0.18 0.18 0.17 0.22 0.12 0.11 0.17 0.2 0.13 0.15 0.2 0.19 0.15 0.25 0.23 0.16 0.15 0.25 0.25 0.24];
maxTime=[290 246 273 300 268 265 243 243 284 248 263 251 287 255 260 290 264 248 297 261 279 296 255 290 285 282 266 289 282 258 291 272 284 298 257 277];
costBM=[0.13 0.15 0.14 0.15 0.12 0.18 0.18 0.1 0.15 0.16 0.11 0.12 0.11 0.13 0.15 0.12 0.12 0.2 0.18 0.15 0.15 0.12 0.19 0.1 0.11 0.13 0.12 0.16 0.16 0.17 0.13 0.18 0.16 0.17 0.15 0.18];
costEM=[0.27 0.26 0.29 0.26 0.27 0.25 0.27 0.27 0.29 0.29 0.3 0.28 0.27 0.27 0.27 0.28 0.28 0.29 0.27 0.29 0.28 0.28 0.3 0.3 0.29 0.29 0.27 0.26 0.26 0.26 0.26 0.3 0.3 0.27 0.29 0.28];
BM=[230 227 145 177 220 147 141 183 215 202 153 228 212 142 215 224 223 200 230 235 157 223 213 171 144 150 166 227 165 225 197 227 141 169 186 208];
