nServices=160;
nDrivers=96;
nBuses=128;
maxBuses=80;
startingTime=[865 225 722 641 545 1086 850 261 514 377 459 841 333 55 333 666 946 168 434 412 656 1083 943 161 124 18 717 248 277 244 539 60 741 70 295 335 121 898 444 558 982 572 52 208 598 63 330 788 858 1043 162 1087 577 572 392 207 152 453 531 397 808 415 106 550 1039 409 278 742 135 119 832 626 335 164 392 21 389 90 810 947 315 668 204 343 872 817 964 74 279 1018 457 639 71 726 781 787 518 812 700 61 128 663 364 232 1024 965 370 194 603 445 522 134 8 656 902 312 208 723 638 178 996 98 896 565 159 577 649 1047 743 484 808 149 848 454 61 160 802 502 469 648 1090 804 131 131 501 808 356 396 872 915 375 312 470 568 285 763 213 634 764 556];
durationTime=[76 40 52 96 70 57 60 92 70 80 52 72 84 112 54 78 53 98 73 56 102 75 112 88 108 59 78 88 55 95 107 102 86 115 59 46 51 101 107 96 108 88 107 94 54 65 89 106 96 96 89 116 56 53 119 72 94 98 49 88 98 43 44 88 74 47 118 117 105 91 75 77 47 94 42 96 102 43 49 58 68 74 73 69 60 81 46 120 79 91 69 104 55 102 57 46 85 74 115 44 51 108 106 77 56 71 104 100 55 93 43 88 80 69 89 112 99 50 83 112 90 78 59 90 63 89 89 113 117 60 71 62 58 90 94 56 97 119 66 57 106 46 92 114 46 72 51 102 59 106 78 77 44 118 56 112 106 49 41 100];
durationDist=[45 39 43 36 10 20 36 34 41 34 45 17 37 17 48 46 23 27 39 47 11 11 19 49 35 32 23 20 16 32 23 18 43 21 19 48 25 34 35 15 40 29 47 15 49 43 23 16 50 31 23 24 45 48 37 49 28 20 17 45 45 41 38 36 21 28 39 28 13 41 10 24 15 34 47 29 31 47 35 33 34 49 27 22 31 23 10 50 28 18 49 13 27 23 37 18 45 40 35 14 12 44 45 20 18 11 28 23 39 36 48 18 36 14 30 32 16 13 26 49 49 50 23 32 44 21 40 15 36 36 48 22 44 50 48 19 49 32 43 32 41 12 27 21 18 34 42 17 36 47 39 20 12 50 20 23 37 50 29 17];
passengers=[34 49 46 18 47 27 39 5 40 25 38 27 10 9 25 11 42 11 13 27 13 44 44 17 33 19 17 17 19 4 33 27 28 7 35 46 35 19 23 38 47 43 14 42 9 24 37 4 32 40 5 34 3 43 44 40 3 26 46 7 39 28 4 47 30 37 44 16 32 36 34 27 7 39 44 22 48 18 35 39 11 16 45 49 28 2 14 33 20 13 4 47 29 28 20 26 25 43 24 12 15 18 28 41 33 31 44 33 26 8 47 10 15 46 19 22 29 19 46 26 49 49 16 3 41 22 15 17 6 23 26 24 19 18 2 12 49 46 18 42 12 4 48 15 37 32 33 47 26 25 35 44 2 2 35 8 16 22 8 37];
capacity=[27 44 76 69 49 80 67 61 10 77 10 26 60 39 62 63 52 21 58 25 40 56 56 27 43 60 50 45 67 70 62 38 16 78 26 31 80 64 37 22 11 49 11 55 42 38 27 46 30 13 45 20 59 75 78 69 62 36 58 26 58 73 63 57 56 25 78 57 65 13 80 49 25 12 45 22 47 72 52 54 79 20 61 32 24 67 61 45 17 35 64 77 35 39 31 56 11 62 66 52 52 17 74 69 30 23 76 28 65 73 28 79 38 47 16 55 11 55 27 20 73 72 66 69 55 73 10 45];
costTime=[0.08 0.12 0.16 0.18 0.14 0.12 0.16 0.11 0.07 0.14 0.1 0.16 0.19 0.16 0.08 0.1 0.18 0.14 0.12 0.09 0.17 0.19 0.15 0.18 0.09 0.09 0.14 0.17 0.19 0.14 0.07 0.15 0.15 0.06 0.14 0.06 0.13 0.06 0.1 0.06 0.1 0.14 0.08 0.1 0.06 0.15 0.14 0.17 0.1 0.12 0.1 0.13 0.06 0.15 0.16 0.13 0.14 0.1 0.14 0.14 0.17 0.18 0.19 0.07 0.18 0.17 0.13 0.17 0.11 0.09 0.07 0.1 0.11 0.07 0.06 0.19 0.19 0.17 0.09 0.13 0.11 0.06 0.05 0.17 0.09 0.14 0.2 0.05 0.12 0.08 0.09 0.19 0.19 0.14 0.07 0.16 0.14 0.07 0.15 0.17 0.08 0.1 0.11 0.1 0.1 0.2 0.15 0.1 0.14 0.19 0.17 0.17 0.08 0.14 0.05 0.18 0.1 0.14 0.11 0.11 0.15 0.17 0.15 0.15 0.13 0.11 0.17 0.07];
costDist=[0.26 0.28 0.16 0.28 0.18 0.3 0.12 0.28 0.28 0.24 0.21 0.26 0.19 0.18 0.15 0.13 0.19 0.22 0.15 0.19 0.21 0.2 0.23 0.17 0.27 0.26 0.14 0.28 0.11 0.25 0.13 0.18 0.11 0.12 0.19 0.11 0.26 0.2 0.27 0.25 0.2 0.17 0.18 0.15 0.16 0.29 0.26 0.25 0.15 0.24 0.11 0.1 0.26 0.14 0.1 0.15 0.18 0.23 0.21 0.28 0.19 0.22 0.13 0.24 0.24 0.22 0.2 0.12 0.19 0.12 0.14 0.13 0.28 0.26 0.21 0.13 0.12 0.26 0.16 0.12 0.13 0.21 0.25 0.18 0.24 0.16 0.2 0.25 0.28 0.22 0.2 0.2 0.2 0.29 0.12 0.22 0.29 0.13 0.11 0.17 0.25 0.18 0.19 0.15 0.19 0.19 0.26 0.15 0.15 0.2 0.11 0.13 0.14 0.22 0.18 0.11 0.25 0.18 0.28 0.14 0.1 0.15 0.22 0.22 0.13 0.23 0.25 0.23];
maxTime=[265 285 287 265 293 241 260 279 247 290 241 295 240 241 296 248 276 265 263 265 255 297 263 244 272 260 240 264 256 285 244 276 290 242 288 259 270 289 279 284 259 286 259 292 250 292 283 272 273 296 291 270 300 291 292 286 269 297 240 256 259 272 246 246 240 265 253 273 289 257 269 255 255 277 290 264 281 258 277 292 292 263 296 256 283 261 289 271 289 260 251 253 288 290 271 283];
costBM=[0.16 0.16 0.13 0.19 0.2 0.11 0.15 0.17 0.12 0.13 0.14 0.17 0.16 0.14 0.19 0.11 0.18 0.1 0.14 0.18 0.19 0.17 0.14 0.19 0.17 0.12 0.15 0.2 0.1 0.14 0.19 0.14 0.11 0.17 0.18 0.17 0.14 0.18 0.14 0.11 0.11 0.13 0.2 0.18 0.14 0.2 0.14 0.12 0.11 0.11 0.17 0.17 0.17 0.1 0.11 0.2 0.18 0.2 0.14 0.16 0.14 0.15 0.18 0.12 0.2 0.14 0.16 0.14 0.17 0.14 0.1 0.12 0.18 0.19 0.13 0.19 0.15 0.19 0.15 0.11 0.12 0.11 0.11 0.15 0.15 0.16 0.17 0.2 0.16 0.17 0.1 0.13 0.12 0.13 0.15 0.13];
costEM=[0.29 0.26 0.28 0.28 0.29 0.26 0.26 0.27 0.29 0.28 0.3 0.29 0.26 0.27 0.28 0.26 0.3 0.29 0.26 0.28 0.28 0.27 0.26 0.29 0.26 0.29 0.26 0.26 0.29 0.28 0.26 0.26 0.27 0.25 0.3 0.25 0.28 0.27 0.29 0.26 0.27 0.26 0.27 0.27 0.26 0.25 0.25 0.28 0.28 0.28 0.28 0.28 0.3 0.27 0.29 0.25 0.28 0.28 0.3 0.25 0.29 0.28 0.27 0.3 0.28 0.27 0.29 0.28 0.26 0.25 0.28 0.26 0.29 0.26 0.27 0.29 0.27 0.29 0.29 0.29 0.25 0.29 0.29 0.29 0.29 0.28 0.3 0.29 0.3 0.25 0.28 0.28 0.3 0.28 0.26 0.3];
BM=[237 224 240 219 179 202 152 197 237 142 173 169 198 152 186 185 223 223 144 186 237 167 177 158 219 210 197 222 207 237 168 225 221 141 141 165 195 212 188 216 147 203 204 142 205 211 165 174 197 177 159 202 174 140 179 219 166 168 175 234 152 184 202 196 158 191 202 174 160 199 211 215 233 208 181 146 155 231 232 201 154 149 232 161 147 232 239 205 198 176 161 217 224 203 167 192];
