nServices=50;
nDrivers=30;
nBuses=40;
maxBuses=25;
startingTime=[896 265 79 711 989 31 29 435 886 69 183 1088 135 183 21 115 529 260 502 405 291 289 635 59 338 832 1075 399 751 34 412 379 1066 652 454 193 329 487 510 989 213 190 788 834 862 1082 302 140 600 475];
durationTime=[116 77 88 42 94 55 114 48 98 70 43 86 120 94 108 74 40 110 69 70 97 113 96 99 89 61 70 90 116 40 91 40 71 48 53 93 86 74 119 118 45 107 76 120 41 50 63 97 76 40];
durationDist=[23 32 40 34 44 11 30 12 46 16 34 30 24 33 23 32 39 15 25 15 31 13 34 34 17 31 29 32 40 20 36 32 46 30 22 28 32 18 50 18 41 22 39 31 17 12 19 43 42 24];
passengers=[13 37 30 26 50 30 14 38 14 28 7 37 29 45 16 12 30 19 9 44 43 36 34 50 10 40 47 46 34 31 21 48 27 9 25 5 6 46 43 39 20 49 45 18 24 28 28 49 5 42];
capacity=[34 67 25 15 25 62 80 75 61 13 24 76 21 21 39 58 58 78 11 40 41 74 28 40 31 36 17 51 67 10 38 21 30 25 50 19 41 57 55 10];
costTime=[0.17 0.15 0.07 0.14 0.07 0.07 0.07 0.11 0.1 0.16 0.13 0.06 0.18 0.09 0.1 0.07 0.18 0.09 0.14 0.15 0.06 0.11 0.1 0.16 0.14 0.09 0.06 0.15 0.16 0.12 0.15 0.1 0.14 0.08 0.1 0.06 0.15 0.07 0.16 0.13];
costDist=[0.24 0.19 0.16 0.14 0.24 0.27 0.26 0.16 0.25 0.27 0.12 0.14 0.18 0.25 0.18 0.25 0.12 0.14 0.23 0.21 0.21 0.29 0.14 0.24 0.18 0.11 0.25 0.1 0.22 0.13 0.12 0.26 0.17 0.15 0.25 0.1 0.18 0.28 0.29 0.22];
maxTime=[266 268 276 284 287 296 268 262 265 268 241 260 263 299 270 292 275 287 240 298 260 296 293 293 286 269 266 279 249 270];
costBM=[0.14 0.13 0.13 0.19 0.15 0.13 0.1 0.19 0.13 0.11 0.17 0.14 0.12 0.14 0.13 0.19 0.17 0.11 0.19 0.17 0.13 0.11 0.16 0.13 0.13 0.13 0.12 0.19 0.19 0.14];
costEM=[0.28 0.28 0.29 0.28 0.28 0.28 0.26 0.27 0.27 0.26 0.26 0.28 0.28 0.27 0.29 0.28 0.27 0.26 0.28 0.28 0.26 0.29 0.29 0.26 0.25 0.3 0.29 0.26 0.28 0.26];
BM=[185 213 234 195 150 140 148 213 203 223 159 140 211 230 141 157 218 161 220 146 216 176 179 198 222 147 169 156 153 171];
