nServices=120;
nDrivers=64;
nBuses=96;
maxBuses=60;
startingTime=[666 54 946 920 165 411 1070 404 202 1060 1046 28 241 334 632 1079 757 193 692 426 307 918 672 552 901 273 341 491 248 500 752 1024 47 668 828 418 87 544 204 202 207 676 398 357 144 426 1057 1063 242 258 343 234 340 587 813 258 6 408 38 356 180 587 820 489 3 633 894 942 937 202 434 724 8 475 765 86 73 368 323 129 542 19 771 489 39 627 571 1012 848 895 467 665 935 687 735 278 335 583 863 486 461 718 750 516 831 125 1083 87 400 720 704 832 390 377 226 591 772 942 907 218];
durationTime=[58 58 74 53 88 62 112 117 47 98 81 82 49 46 70 61 91 88 103 112 85 96 87 113 41 120 94 73 48 41 103 49 52 51 116 106 117 56 49 94 74 73 101 69 90 58 107 48 60 94 118 86 105 85 63 62 72 40 43 99 85 41 88 40 107 49 61 73 119 104 76 113 116 81 94 106 43 109 119 115 104 82 74 94 60 55 45 97 96 43 85 111 68 50 96 68 68 92 85 103 99 87 115 79 73 40 81 82 50 81 40 48 103 81 106 111 82 57 52 85];
durationDist=[14 48 39 43 34 21 37 23 23 22 28 25 26 25 14 16 34 45 42 13 35 11 12 22 21 33 24 35 41 35 47 42 26 21 27 37 27 50 35 50 27 30 39 34 21 45 33 42 48 16 41 41 43 33 13 10 20 25 34 43 32 49 24 42 44 23 39 35 12 29 50 12 32 35 40 45 19 29 31 44 26 42 49 22 42 50 38 28 23 44 35 28 26 41 41 18 49 20 42 19 17 19 50 16 29 28 50 37 18 46 17 34 44 45 18 16 27 47 48 41];
passengers=[42 26 41 21 10 23 14 50 38 22 3 39 33 34 6 36 38 26 4 14 6 11 19 19 33 23 10 26 28 42 50 10 27 7 39 18 44 2 38 4 34 35 44 22 15 26 19 44 36 4 44 48 36 24 42 40 18 36 2 20 30 35 31 18 23 11 6 49 18 12 44 2 9 45 30 15 23 19 5 35 42 2 21 28 25 4 45 4 15 22 5 41 9 27 10 13 47 39 11 21 47 49 37 42 47 18 2 32 11 7 2 8 7 26 34 37 32 29 43 27];
capacity=[21 53 65 68 64 39 21 11 31 77 48 34 10 65 11 12 21 63 56 39 54 37 20 68 31 53 27 51 39 20 39 28 45 20 77 46 58 37 60 34 10 43 25 76 80 29 47 67 20 60 18 44 76 77 23 44 65 46 18 50 20 75 27 42 27 33 27 73 55 39 73 32 36 61 43 75 59 52 40 73 43 22 57 60 13 34 25 33 35 49 32 42 22 75 73 62];
costTime=[0.18 0.06 0.07 0.07 0.19 0.16 0.13 0.2 0.06 0.19 0.15 0.17 0.18 0.08 0.11 0.12 0.05 0.14 0.06 0.14 0.15 0.18 0.17 0.11 0.18 0.05 0.14 0.14 0.08 0.19 0.08 0.16 0.13 0.18 0.18 0.16 0.06 0.13 0.05 0.06 0.18 0.06 0.18 0.11 0.19 0.16 0.1 0.09 0.12 0.11 0.06 0.14 0.15 0.11 0.12 0.19 0.07 0.09 0.1 0.1 0.06 0.2 0.16 0.09 0.07 0.08 0.18 0.13 0.07 0.19 0.09 0.17 0.08 0.16 0.06 0.07 0.12 0.11 0.16 0.12 0.05 0.16 0.16 0.07 0.18 0.1 0.1 0.1 0.13 0.19 0.1 0.19 0.19 0.19 0.13 0.09];
costDist=[0.3 0.14 0.21 0.17 0.29 0.27 0.15 0.21 0.11 0.26 0.13 0.29 0.16 0.13 0.27 0.22 0.14 0.14 0.13 0.29 0.27 0.1 0.29 0.28 0.2 0.27 0.2 0.13 0.15 0.15 0.22 0.2 0.13 0.23 0.23 0.18 0.12 0.22 0.14 0.26 0.24 0.2 0.11 0.26 0.18 0.28 0.11 0.19 0.24 0.3 0.19 0.2 0.21 0.11 0.24 0.24 0.15 0.28 0.2 0.21 0.27 0.22 0.26 0.21 0.18 0.16 0.25 0.29 0.22 0.28 0.17 0.24 0.29 0.22 0.22 0.2 0.22 0.19 0.28 0.24 0.21 0.16 0.21 0.3 0.27 0.11 0.16 0.21 0.18 0.11 0.19 0.12 0.23 0.29 0.19 0.24];
maxTime=[245 272 273 282 286 265 297 295 275 270 256 280 300 292 287 262 242 240 277 243 248 272 297 240 271 247 265 248 281 252 246 295 258 240 271 264 293 251 258 292 263 298 261 296 244 246 281 248 264 293 283 273 257 245 269 276 274 241 287 250 276 267 293 295];
costBM=[0.14 0.17 0.16 0.15 0.16 0.17 0.18 0.14 0.11 0.13 0.2 0.17 0.15 0.16 0.2 0.14 0.17 0.12 0.11 0.13 0.2 0.19 0.16 0.1 0.17 0.11 0.12 0.11 0.11 0.19 0.11 0.2 0.19 0.17 0.19 0.13 0.18 0.15 0.1 0.15 0.1 0.15 0.16 0.11 0.12 0.19 0.19 0.1 0.13 0.17 0.17 0.11 0.11 0.17 0.19 0.14 0.18 0.17 0.15 0.17 0.18 0.18 0.18 0.13];
costEM=[0.29 0.27 0.25 0.25 0.3 0.25 0.28 0.26 0.26 0.26 0.27 0.25 0.29 0.29 0.28 0.28 0.29 0.26 0.27 0.27 0.26 0.29 0.3 0.27 0.3 0.26 0.28 0.3 0.29 0.27 0.29 0.28 0.29 0.28 0.28 0.3 0.26 0.27 0.26 0.29 0.28 0.25 0.3 0.28 0.3 0.28 0.27 0.28 0.25 0.26 0.29 0.27 0.27 0.29 0.3 0.25 0.27 0.26 0.28 0.27 0.27 0.28 0.28 0.25];
BM=[220 175 234 198 206 224 144 237 191 153 176 161 204 222 141 218 141 179 146 204 207 220 239 183 165 175 146 228 224 171 145 154 210 191 146 149 218 142 162 197 199 178 140 198 185 173 147 182 207 236 144 195 184 222 219 188 186 170 219 228 215 180 143 219];
