nServices=120;
nDrivers=64;
nBuses=96;
maxBuses=60;
startingTime=[1099 528 135 838 907 203 771 369 469 835 778 928 331 985 520 393 149 818 255 319 418 14 563 423 646 767 39 661 24 886 744 462 341 460 1020 53 446 678 917 996 266 756 724 587 721 27 1017 330 185 416 31 84 853 610 688 492 726 443 483 695 267 451 720 101 485 595 949 1095 154 1077 136 738 1021 720 357 577 379 210 763 885 769 712 23 1023 930 539 420 659 615 796 68 777 242 666 864 286 563 270 442 411 853 819 144 1080 672 716 45 233 638 670 603 9 634 1026 555 322 663 407 1056 573];
durationTime=[84 94 95 95 60 41 69 73 110 68 87 87 118 42 67 105 92 113 41 106 113 44 43 59 99 93 85 102 74 63 76 60 87 107 62 88 68 82 44 119 44 119 93 101 68 85 63 54 120 109 71 85 83 106 118 90 59 70 84 104 111 66 97 115 83 111 114 40 40 90 40 64 104 93 110 71 72 111 110 73 116 103 76 50 75 77 90 79 91 75 62 116 79 92 83 106 97 110 42 60 40 120 68 41 110 104 43 61 105 44 59 48 55 85 77 73 78 44 93 94];
durationDist=[24 29 45 22 36 36 48 39 26 16 31 10 14 16 45 41 41 37 48 20 49 21 39 13 10 18 46 46 11 13 30 50 30 31 47 35 17 47 10 20 33 36 27 13 23 26 10 37 21 21 11 15 23 27 31 27 40 34 37 50 41 20 24 12 14 19 31 21 38 12 41 30 14 13 14 47 14 27 43 29 36 43 17 35 39 28 13 13 42 35 49 34 23 24 28 30 46 39 48 31 45 31 20 34 44 25 17 45 40 25 20 42 32 30 10 48 28 18 16 34];
passengers=[17 46 31 25 24 18 6 22 5 40 28 8 50 10 2 23 49 16 45 15 25 40 11 45 8 34 23 3 4 39 6 11 50 40 3 29 14 40 26 5 47 45 42 49 45 9 23 34 50 32 48 12 30 15 31 22 6 29 12 19 35 19 21 9 46 22 42 11 37 50 35 44 26 16 42 46 23 48 43 32 11 31 14 32 4 3 15 26 37 36 18 25 8 17 25 20 18 14 22 34 50 44 36 23 40 47 39 13 42 5 13 11 9 23 23 5 12 23 39 47];
capacity=[22 33 70 17 12 64 37 20 26 72 19 23 29 47 68 17 66 54 68 44 49 53 10 69 74 59 69 34 34 10 74 32 40 12 13 42 45 21 63 25 35 20 64 35 70 63 23 55 55 63 31 77 52 22 24 28 48 10 79 67 17 26 34 76 52 67 18 62 53 42 30 18 58 79 63 67 23 40 74 59 59 50 50 20 13 12 63 35 29 18 67 19 73 21 60 44];
costTime=[0.12 0.1 0.09 0.13 0.16 0.07 0.16 0.13 0.08 0.09 0.13 0.19 0.09 0.17 0.09 0.07 0.09 0.07 0.15 0.14 0.13 0.14 0.13 0.11 0.19 0.16 0.19 0.11 0.1 0.09 0.06 0.13 0.17 0.15 0.2 0.14 0.12 0.12 0.16 0.14 0.11 0.15 0.19 0.08 0.07 0.19 0.13 0.07 0.16 0.17 0.1 0.14 0.1 0.14 0.11 0.17 0.19 0.19 0.07 0.19 0.11 0.13 0.18 0.13 0.15 0.15 0.1 0.15 0.15 0.19 0.09 0.13 0.13 0.08 0.17 0.18 0.12 0.05 0.06 0.17 0.09 0.15 0.14 0.16 0.09 0.14 0.14 0.06 0.12 0.1 0.16 0.18 0.18 0.19 0.18 0.12];
costDist=[0.19 0.14 0.12 0.21 0.12 0.18 0.28 0.21 0.25 0.24 0.26 0.13 0.27 0.22 0.24 0.15 0.25 0.3 0.11 0.27 0.13 0.28 0.2 0.14 0.15 0.12 0.12 0.14 0.2 0.17 0.26 0.12 0.16 0.16 0.15 0.23 0.23 0.29 0.17 0.15 0.29 0.17 0.24 0.15 0.14 0.16 0.18 0.16 0.23 0.21 0.21 0.28 0.1 0.18 0.28 0.19 0.24 0.27 0.17 0.2 0.16 0.11 0.24 0.21 0.2 0.23 0.15 0.22 0.25 0.29 0.17 0.21 0.11 0.21 0.27 0.12 0.29 0.13 0.24 0.23 0.22 0.14 0.21 0.14 0.17 0.15 0.26 0.25 0.16 0.27 0.18 0.16 0.15 0.13 0.29 0.19];
maxTime=[275 264 240 243 247 285 300 277 293 247 258 257 263 264 246 254 268 287 282 247 256 277 240 249 299 252 241 288 294 270 274 276 260 288 248 285 299 296 269 249 285 252 246 274 249 248 289 256 296 244 253 282 246 268 262 298 276 275 257 275 293 279 278 264];
costBM=[0.19 0.14 0.13 0.18 0.2 0.11 0.17 0.19 0.11 0.1 0.11 0.14 0.11 0.18 0.18 0.19 0.18 0.18 0.11 0.18 0.17 0.13 0.16 0.19 0.16 0.11 0.11 0.19 0.19 0.18 0.16 0.13 0.12 0.12 0.15 0.1 0.16 0.18 0.13 0.2 0.14 0.2 0.12 0.12 0.12 0.13 0.13 0.12 0.13 0.13 0.15 0.17 0.18 0.11 0.16 0.15 0.14 0.19 0.14 0.16 0.2 0.13 0.17 0.15];
costEM=[0.29 0.26 0.28 0.29 0.27 0.26 0.28 0.27 0.3 0.27 0.28 0.29 0.26 0.29 0.26 0.26 0.26 0.25 0.28 0.27 0.3 0.28 0.29 0.27 0.28 0.26 0.3 0.27 0.3 0.27 0.29 0.25 0.25 0.29 0.25 0.26 0.25 0.26 0.28 0.26 0.26 0.25 0.26 0.28 0.29 0.29 0.27 0.29 0.28 0.29 0.25 0.29 0.3 0.29 0.25 0.28 0.28 0.29 0.29 0.27 0.29 0.27 0.29 0.27];
BM=[176 141 188 199 215 184 182 147 202 221 182 235 157 143 149 200 211 225 166 180 199 183 200 210 207 220 183 207 227 162 207 233 171 180 204 211 194 218 159 183 151 229 223 225 165 236 176 181 202 236 183 178 181 191 179 221 199 177 236 240 154 179 197 151];
