nServices=120;
nDrivers=64;
nBuses=96;
maxBuses=60;
startingTime=[371 1084 907 145 1021 162 173 513 832 734 341 180 596 813 750 1028 504 148 117 430 236 608 832 7 927 833 554 161 123 963 281 797 289 4 482 650 945 587 685 160 503 932 754 706 409 387 128 175 384 359 46 425 716 725 254 660 732 741 541 1049 813 833 696 878 556 942 805 352 908 115 224 334 650 924 576 262 549 526 1074 181 387 820 529 620 720 299 1011 347 574 506 475 345 997 68 451 461 445 487 660 574 497 723 345 268 228 1037 338 295 736 343 989 1053 844 809 60 705 34 279 485 618];
durationTime=[100 57 40 50 70 112 81 80 45 99 48 109 63 63 78 111 83 87 105 79 46 77 55 78 82 102 74 97 104 76 80 66 108 42 72 64 64 108 46 119 87 112 47 78 103 88 103 59 100 80 71 65 92 48 67 65 56 93 49 46 103 79 68 117 42 112 107 117 45 47 43 95 91 79 40 72 116 51 63 85 99 70 113 47 61 59 118 53 66 115 107 50 55 97 82 50 41 87 46 81 78 118 66 71 48 92 94 44 50 44 55 63 85 80 52 69 60 58 99 51];
durationDist=[27 43 18 11 35 30 18 45 30 28 18 39 15 47 28 45 49 34 45 20 20 47 22 49 49 22 34 16 22 27 47 32 48 46 28 37 11 21 20 48 41 39 49 48 25 35 24 13 11 21 14 30 11 40 32 24 46 13 29 31 48 16 27 15 11 15 14 34 41 34 32 31 10 25 48 44 27 11 41 34 41 17 46 47 14 36 28 41 39 41 47 47 46 17 33 17 38 48 22 40 41 11 22 11 13 37 28 32 26 10 21 48 34 26 24 15 25 11 31 17];
passengers=[27 35 2 25 9 25 16 34 21 10 46 14 41 40 32 21 11 18 47 22 35 12 43 49 34 48 31 46 32 30 9 24 39 21 3 15 41 29 21 44 43 44 8 17 13 40 18 18 33 3 33 42 35 24 36 7 18 23 24 49 31 3 28 45 46 2 39 48 5 15 32 26 9 46 40 37 9 39 36 29 14 38 16 29 33 43 47 15 39 33 23 7 42 13 41 18 29 17 46 42 20 12 44 22 49 23 36 6 4 15 44 20 19 33 17 5 41 6 26 22];
capacity=[21 15 52 36 31 47 58 25 56 52 41 18 64 53 67 37 21 47 39 73 76 36 42 33 56 61 76 41 28 66 59 69 39 35 51 64 67 14 47 20 80 25 32 46 10 60 37 20 24 49 49 58 17 52 52 44 32 14 41 35 66 37 73 48 47 22 29 60 52 71 23 21 35 40 54 55 17 25 64 42 15 17 73 77 76 28 22 21 48 60 28 75 65 49 58 36];
costTime=[0.19 0.1 0.09 0.07 0.2 0.11 0.1 0.19 0.18 0.14 0.13 0.14 0.16 0.15 0.18 0.11 0.05 0.09 0.1 0.14 0.17 0.06 0.19 0.1 0.18 0.17 0.12 0.13 0.11 0.09 0.07 0.14 0.1 0.18 0.06 0.16 0.06 0.07 0.16 0.09 0.16 0.12 0.07 0.13 0.13 0.16 0.15 0.1 0.08 0.11 0.12 0.14 0.08 0.06 0.12 0.13 0.14 0.13 0.08 0.19 0.14 0.18 0.15 0.08 0.07 0.1 0.1 0.18 0.18 0.12 0.1 0.1 0.18 0.19 0.15 0.07 0.13 0.17 0.05 0.18 0.13 0.16 0.06 0.14 0.06 0.06 0.15 0.08 0.06 0.11 0.19 0.17 0.15 0.18 0.11 0.18];
costDist=[0.24 0.15 0.18 0.12 0.25 0.22 0.19 0.13 0.11 0.16 0.12 0.11 0.16 0.1 0.19 0.15 0.28 0.1 0.14 0.27 0.24 0.27 0.2 0.25 0.2 0.19 0.11 0.15 0.2 0.23 0.17 0.28 0.25 0.13 0.25 0.29 0.2 0.16 0.13 0.19 0.11 0.15 0.28 0.2 0.16 0.17 0.1 0.12 0.23 0.19 0.23 0.27 0.18 0.12 0.26 0.23 0.27 0.1 0.12 0.18 0.25 0.25 0.21 0.12 0.18 0.16 0.18 0.23 0.24 0.23 0.25 0.26 0.26 0.22 0.3 0.28 0.22 0.15 0.19 0.26 0.28 0.28 0.11 0.26 0.15 0.11 0.23 0.2 0.25 0.22 0.29 0.15 0.13 0.13 0.29 0.25];
maxTime=[275 292 263 244 283 259 283 244 273 250 298 292 270 268 273 272 273 298 259 248 254 242 299 258 269 289 266 254 263 286 274 251 255 292 298 240 300 261 293 241 247 270 250 292 252 269 274 264 251 256 271 247 299 256 257 293 292 245 252 248 246 264 291 243];
costBM=[0.17 0.11 0.13 0.18 0.11 0.11 0.13 0.13 0.14 0.14 0.13 0.16 0.1 0.16 0.11 0.16 0.17 0.14 0.11 0.13 0.15 0.16 0.11 0.18 0.14 0.17 0.19 0.16 0.16 0.14 0.14 0.15 0.18 0.11 0.16 0.14 0.15 0.2 0.18 0.19 0.12 0.15 0.15 0.14 0.18 0.19 0.14 0.18 0.17 0.19 0.11 0.17 0.17 0.13 0.1 0.12 0.17 0.19 0.17 0.15 0.11 0.1 0.14 0.12];
costEM=[0.27 0.27 0.26 0.29 0.29 0.26 0.27 0.3 0.28 0.26 0.27 0.29 0.28 0.29 0.3 0.27 0.27 0.29 0.28 0.25 0.3 0.29 0.27 0.29 0.27 0.26 0.26 0.26 0.3 0.3 0.27 0.25 0.29 0.28 0.27 0.3 0.29 0.27 0.29 0.28 0.27 0.28 0.27 0.26 0.29 0.27 0.29 0.27 0.27 0.26 0.25 0.28 0.28 0.27 0.3 0.28 0.29 0.27 0.28 0.28 0.26 0.27 0.29 0.3];
BM=[183 218 228 225 222 184 176 163 183 148 153 144 189 195 187 143 226 153 160 152 228 140 237 240 191 222 209 159 168 216 150 146 213 203 195 196 204 155 167 156 204 227 215 169 210 205 144 147 221 183 231 190 169 208 166 186 210 170 192 184 185 160 193 201];
