nServices=40;
nDrivers=24;
nBuses=32;
maxBuses=20;
startingTime=[202 953 777 433 82 158 495 618 100 264 975 735 871 756 213 745 333 353 112 375 706 807 669 572 574 732 557 1056 161 696 699 135 164 1040 848 1006 717 588 452 185];
durationTime=[107 118 106 94 66 88 80 118 52 43 114 108 71 96 93 115 114 63 66 68 78 73 96 118 118 89 47 108 108 78 62 73 89 110 62 97 114 119 58 93];
durationDist=[34 32 29 38 32 40 16 47 13 18 41 42 20 10 30 28 21 12 44 43 38 22 22 39 48 33 48 29 37 22 11 12 22 16 32 49 22 18 28 36];
passengers=[17 47 33 24 46 23 8 13 33 27 48 22 11 49 10 18 38 10 13 43 19 23 21 30 13 2 47 7 36 42 2 41 10 45 18 48 18 17 36 16];
capacity=[65 34 78 26 67 70 41 77 63 73 63 42 60 14 11 76 34 47 23 32 37 64 24 67 64 65 45 31 14 78 24 16];
costTime=[0.07 0.18 0.14 0.06 0.16 0.16 0.15 0.07 0.16 0.15 0.07 0.07 0.17 0.11 0.06 0.16 0.14 0.12 0.13 0.08 0.13 0.19 0.14 0.06 0.06 0.18 0.07 0.08 0.15 0.06 0.15 0.07];
costDist=[0.2 0.17 0.26 0.23 0.2 0.13 0.24 0.29 0.24 0.24 0.2 0.22 0.11 0.19 0.12 0.16 0.16 0.12 0.2 0.2 0.13 0.14 0.19 0.29 0.17 0.2 0.12 0.25 0.13 0.2 0.1 0.15];
maxTime=[275 282 261 274 263 275 264 282 262 298 286 279 243 251 267 298 253 261 252 274 258 292 299 280];
costBM=[0.19 0.12 0.13 0.19 0.17 0.17 0.15 0.12 0.17 0.17 0.16 0.15 0.17 0.19 0.15 0.15 0.18 0.16 0.14 0.11 0.14 0.1 0.19 0.17];
costEM=[0.29 0.29 0.29 0.28 0.27 0.26 0.27 0.3 0.28 0.27 0.26 0.29 0.27 0.27 0.28 0.27 0.27 0.27 0.28 0.26 0.26 0.3 0.29 0.3];
BM=[200 161 162 233 141 177 190 205 239 239 158 228 192 209 177 161 153 151 223 143 141 174 198 172];
