nServices=30;
nDrivers=18;
nBuses=24;
maxBuses=15;
startingTime=[646 162 799 305 380 795 792 686 84 432 884 383 51 627 165 655 700 121 771 966 581 1003 648 452 400 353 720 802 151 384];
durationTime=[40 101 56 72 75 105 85 77 92 53 51 77 77 106 99 98 72 48 41 59 120 79 117 111 43 56 90 110 66 72];
durationDist=[15 29 13 24 11 42 17 22 47 22 35 33 50 13 36 10 38 31 45 36 37 27 50 31 39 39 30 15 14 25];
passengers=[7 29 29 35 7 21 27 30 19 4 31 3 17 27 8 27 20 26 35 23 17 11 32 18 16 18 30 29 34 50];
capacity=[50 71 60 62 18 69 19 21 65 58 74 43 53 53 37 59 51 47 29 22 22 69 57 63];
costTime=[0.18 0.14 0.11 0.09 0.19 0.14 0.08 0.05 0.09 0.11 0.15 0.18 0.19 0.14 0.19 0.06 0.2 0.17 0.07 0.08 0.15 0.19 0.19 0.07];
costDist=[0.29 0.18 0.29 0.23 0.14 0.29 0.23 0.18 0.15 0.24 0.19 0.3 0.12 0.18 0.12 0.28 0.2 0.12 0.16 0.14 0.26 0.26 0.19 0.19];
maxTime=[288 252 277 299 240 272 284 290 274 284 246 277 273 274 299 297 289 289];
costBM=[0.12 0.15 0.19 0.17 0.13 0.2 0.18 0.12 0.19 0.15 0.14 0.17 0.11 0.19 0.11 0.19 0.19 0.12];
costEM=[0.26 0.27 0.29 0.27 0.28 0.26 0.26 0.28 0.29 0.3 0.26 0.28 0.28 0.26 0.25 0.29 0.26 0.28];
BM=[227 216 149 142 205 234 213 192 195 188 188 236 218 149 185 222 162 200];
