nServices=30;
nDrivers=18;
nBuses=24;
maxBuses=15;
startingTime=[735 158 776 231 79 293 46 397 30 287 967 535 84 226 435 576 29 391 553 279 717 975 1 594 167 445 397 306 477 790];
durationTime=[41 56 62 86 107 82 66 116 93 91 55 87 80 56 104 105 93 49 42 79 47 85 49 46 99 56 107 78 83 118];
durationDist=[25 36 34 40 29 33 49 36 47 11 35 13 46 34 14 47 50 15 29 38 42 22 23 38 11 14 19 28 50 39];
passengers=[5 48 31 41 41 11 5 25 28 26 37 46 6 14 26 26 50 8 33 4 36 49 9 49 45 39 3 20 32 6];
capacity=[48 26 65 69 49 48 16 14 32 29 70 17 25 27 32 20 70 23 71 76 28 23 46 26];
costTime=[0.12 0.08 0.16 0.2 0.05 0.06 0.08 0.09 0.06 0.19 0.09 0.18 0.11 0.17 0.19 0.17 0.19 0.13 0.2 0.1 0.08 0.17 0.09 0.07];
costDist=[0.26 0.28 0.12 0.2 0.26 0.27 0.28 0.23 0.22 0.2 0.17 0.12 0.3 0.27 0.25 0.11 0.15 0.17 0.17 0.25 0.23 0.14 0.1 0.25];
maxTime=[292 259 243 300 292 270 300 253 262 269 272 253 291 248 294 283 242 270];
costBM=[0.11 0.16 0.12 0.18 0.18 0.13 0.11 0.14 0.19 0.19 0.11 0.14 0.15 0.12 0.19 0.14 0.17 0.17];
costEM=[0.29 0.29 0.29 0.26 0.28 0.3 0.27 0.28 0.25 0.28 0.27 0.29 0.28 0.28 0.28 0.29 0.27 0.28];
BM=[206 171 172 177 186 235 151 183 176 198 165 177 160 149 155 214 143 151];
