nServices=40;
nDrivers=24;
nBuses=32;
maxBuses=20;
startingTime=[196 406 37 397 528 643 547 1006 416 1046 499 454 12 1067 336 46 898 918 57 647 186 1016 670 732 220 992 857 620 371 702 339 782 1043 646 1015 602 919 465 540 569];
durationTime=[50 92 45 72 61 120 60 53 68 83 75 61 92 101 105 68 113 62 49 48 54 84 110 72 51 57 64 50 42 42 59 104 101 77 117 74 116 84 80 84];
durationDist=[40 43 16 10 39 33 33 36 27 22 41 29 46 20 13 34 28 39 40 19 44 15 11 20 20 25 42 33 28 24 24 23 31 16 20 16 22 38 14 10];
passengers=[28 6 40 33 8 48 19 3 12 12 34 43 8 45 4 2 27 25 41 14 19 16 12 29 33 27 27 16 22 10 23 45 29 44 16 36 29 50 48 39];
capacity=[51 52 19 73 68 40 40 44 27 32 10 20 27 34 48 10 35 53 27 52 12 38 54 26 15 10 76 37 75 78 59 35];
costTime=[0.2 0.19 0.12 0.11 0.05 0.16 0.05 0.17 0.16 0.08 0.14 0.06 0.08 0.13 0.19 0.05 0.16 0.2 0.18 0.15 0.16 0.09 0.14 0.11 0.06 0.05 0.17 0.08 0.14 0.12 0.06 0.17];
costDist=[0.24 0.16 0.21 0.18 0.25 0.26 0.1 0.3 0.13 0.12 0.12 0.22 0.21 0.12 0.15 0.17 0.25 0.16 0.28 0.2 0.22 0.15 0.27 0.16 0.18 0.2 0.28 0.22 0.19 0.28 0.25 0.21];
maxTime=[297 291 251 288 266 282 299 266 296 245 286 249 246 248 251 287 272 285 293 261 262 245 254 247];
costBM=[0.19 0.14 0.14 0.17 0.15 0.14 0.12 0.17 0.18 0.17 0.14 0.11 0.15 0.13 0.11 0.17 0.17 0.14 0.16 0.18 0.19 0.17 0.2 0.12];
costEM=[0.26 0.26 0.28 0.26 0.27 0.29 0.26 0.28 0.27 0.28 0.3 0.27 0.25 0.26 0.29 0.27 0.29 0.26 0.3 0.27 0.26 0.29 0.28 0.29];
BM=[150 203 204 197 207 214 144 184 173 211 204 220 195 200 233 160 217 227 222 240 190 194 168 225];
