nServices=20;
nDrivers=12;
nBuses=16;
maxBuses=10;
startingTime=[1005 282 302 545 727 285 176 477 236 289 515 360 155 971 1041 536 667 969 526 1015];
durationTime=[85 90 74 97 94 98 85 52 60 89 107 55 63 113 103 76 68 52 99 117];
durationDist=[35 17 30 33 15 19 45 39 35 49 19 23 30 25 42 21 48 16 17 38];
passengers=[14 14 41 26 13 49 35 43 36 38 13 31 32 37 39 31 5 43 35 26];
capacity=[75 74 46 19 79 30 69 72 36 76 24 22 70 31 15 79];
costTime=[0.07 0.2 0.07 0.1 0.11 0.11 0.1 0.2 0.1 0.06 0.05 0.15 0.11 0.14 0.17 0.19];
costDist=[0.14 0.28 0.28 0.16 0.14 0.2 0.13 0.24 0.15 0.29 0.29 0.23 0.24 0.13 0.1 0.16];
maxTime=[298 249 256 265 300 256 279 249 262 258 270 283];
costBM=[0.15 0.15 0.19 0.19 0.17 0.16 0.13 0.14 0.14 0.17 0.19 0.11];
costEM=[0.29 0.3 0.3 0.27 0.26 0.29 0.3 0.26 0.25 0.29 0.25 0.26];
BM=[158 201 167 184 195 152 150 140 209 199 175 222];
