nServices=20;
nDrivers=12;
nBuses=16;
maxBuses=10;
startingTime=[643 937 913 293 243 546 135 759 444 667 737 274 131 897 619 1060 336 433 587 781];
durationTime=[100 112 108 58 43 57 52 53 85 80 44 77 113 47 73 74 117 75 119 56];
durationDist=[19 20 39 31 43 18 19 41 22 27 41 33 21 38 12 21 40 16 47 44];
passengers=[18 22 41 45 32 27 50 43 26 47 35 8 9 3 28 8 27 29 7 30];
capacity=[33 72 79 28 20 50 72 54 11 31 72 40 57 42 30 38];
costTime=[0.17 0.12 0.07 0.1 0.13 0.13 0.13 0.07 0.15 0.18 0.14 0.09 0.19 0.18 0.08 0.14];
costDist=[0.21 0.15 0.13 0.27 0.21 0.13 0.27 0.21 0.19 0.12 0.22 0.29 0.15 0.14 0.21 0.26];
maxTime=[256 258 264 288 241 290 250 240 252 265 297 283];
costBM=[0.2 0.14 0.2 0.1 0.19 0.13 0.19 0.14 0.11 0.1 0.2 0.13];
costEM=[0.25 0.28 0.29 0.28 0.3 0.29 0.26 0.3 0.25 0.3 0.28 0.29];
BM=[193 209 184 185 237 209 153 221 226 179 223 148];
