nServices=20;
nDrivers=12;
nBuses=16;
maxBuses=10;
startingTime=[877 334 369 729 661 385 43 910 133 433 1012 471 671 71 607 963 1044 173 685 269];
durationTime=[65 115 75 98 112 106 120 112 57 77 91 115 101 92 103 47 105 97 74 61];
durationDist=[21 15 15 43 30 20 13 45 22 19 23 15 22 24 19 16 32 39 19 32];
passengers=[36 31 39 44 46 25 22 8 28 44 30 33 23 37 3 10 23 4 33 16];
capacity=[31 74 64 43 49 21 76 61 17 56 27 67 16 15 47 11];
costTime=[0.15 0.19 0.07 0.19 0.16 0.05 0.05 0.15 0.2 0.1 0.07 0.12 0.17 0.19 0.06 0.07];
costDist=[0.19 0.17 0.27 0.12 0.2 0.17 0.2 0.22 0.29 0.2 0.23 0.15 0.13 0.16 0.2 0.15];
maxTime=[279 247 253 251 300 245 252 300 287 259 261 253];
costBM=[0.12 0.13 0.16 0.12 0.13 0.17 0.16 0.14 0.16 0.12 0.16 0.11];
costEM=[0.27 0.28 0.26 0.27 0.29 0.28 0.29 0.3 0.29 0.3 0.28 0.26];
BM=[162 207 220 141 146 212 225 216 158 191 163 198];
