nServices=20;
nDrivers=12;
nBuses=16;
maxBuses=10;
startingTime=[865 1022 285 333 735 841 716 53 308 827 587 2 542 148 1051 603 649 614 632 49];
durationTime=[99 50 74 85 83 68 66 70 100 54 99 112 73 51 91 94 116 115 116 83];
durationDist=[27 27 15 43 40 41 32 26 48 29 40 20 38 21 18 27 45 36 26 18];
passengers=[23 4 47 40 5 21 36 35 33 29 45 19 6 19 20 15 40 28 11 9];
capacity=[16 41 23 59 63 75 73 10 53 16 31 50 25 41 47 50];
costTime=[0.14 0.18 0.17 0.08 0.1 0.07 0.16 0.17 0.15 0.06 0.09 0.07 0.1 0.05 0.06 0.2];
costDist=[0.14 0.18 0.19 0.17 0.19 0.27 0.26 0.22 0.25 0.27 0.17 0.2 0.17 0.28 0.14 0.21];
maxTime=[273 273 289 247 243 277 271 300 266 288 249 299];
costBM=[0.17 0.16 0.11 0.17 0.12 0.15 0.11 0.18 0.17 0.16 0.18 0.15];
costEM=[0.3 0.26 0.29 0.26 0.28 0.27 0.25 0.3 0.29 0.29 0.26 0.26];
BM=[219 157 226 214 194 232 164 146 144 166 160 227];
