nServices=40;
nDrivers=24;
nBuses=32;
maxBuses=20;
startingTime=[597 15 892 97 288 293 734 3 737 122 1048 354 977 141 23 732 836 454 623 1074 9 1089 1080 337 902 1077 692 868 500 605 481 324 846 627 827 19 545 733 439 949];
durationTime=[118 61 98 68 92 55 92 47 68 72 42 70 108 61 90 120 103 58 80 81 77 72 53 86 91 79 62 63 99 58 115 71 82 57 92 101 40 56 66 84];
durationDist=[36 46 30 38 32 46 31 42 48 31 42 44 28 29 16 33 36 35 46 20 10 45 38 24 23 34 41 27 42 11 45 33 25 47 13 50 16 16 16 31];
passengers=[24 20 24 28 5 20 21 4 26 14 31 28 30 14 30 35 32 42 32 23 9 9 15 30 37 7 48 5 42 39 21 18 4 5 25 45 36 37 15 9];
capacity=[68 14 30 50 36 66 38 14 13 64 36 38 70 23 23 11 41 77 73 46 22 42 51 34 50 54 78 26 21 43 80 45];
costTime=[0.17 0.16 0.1 0.17 0.12 0.16 0.2 0.13 0.16 0.2 0.17 0.19 0.1 0.18 0.07 0.13 0.1 0.05 0.06 0.06 0.19 0.1 0.2 0.12 0.07 0.17 0.08 0.1 0.2 0.13 0.14 0.13];
costDist=[0.15 0.29 0.12 0.29 0.23 0.19 0.17 0.2 0.29 0.18 0.29 0.18 0.23 0.21 0.13 0.12 0.28 0.2 0.17 0.3 0.18 0.11 0.27 0.13 0.24 0.12 0.1 0.22 0.28 0.26 0.15 0.12];
maxTime=[287 278 291 283 267 251 299 262 282 295 295 245 288 264 250 285 277 271 285 260 270 273 248 280];
costBM=[0.15 0.12 0.1 0.16 0.15 0.14 0.11 0.13 0.2 0.15 0.15 0.15 0.14 0.2 0.18 0.17 0.16 0.12 0.15 0.11 0.18 0.18 0.17 0.15];
costEM=[0.27 0.3 0.27 0.27 0.29 0.28 0.29 0.27 0.26 0.26 0.28 0.28 0.27 0.29 0.25 0.29 0.29 0.25 0.3 0.26 0.27 0.29 0.29 0.28];
BM=[154 234 184 150 202 148 174 190 194 190 181 162 225 152 190 216 168 166 163 156 230 204 201 186];
