nServices=60;
nDrivers=36;
nBuses=48;
maxBuses=30;
startingTime=[309 887 457 326 47 588 963 660 754 272 804 1098 689 294 707 481 1014 873 1012 1019 741 748 495 484 99 734 470 732 241 889 863 98 1050 142 173 357 572 1009 120 378 625 178 1070 25 416 105 810 980 926 582 525 184 1055 80 1080 821 290 134 858 926];
durationTime=[111 71 63 47 91 61 114 120 92 79 54 106 76 54 76 45 108 91 107 45 44 42 83 46 68 107 110 77 89 61 47 74 100 70 97 82 65 101 51 52 67 52 86 83 93 115 60 100 64 87 101 78 60 106 44 119 112 119 100 107];
durationDist=[41 50 31 13 46 17 27 21 37 13 10 45 10 31 26 40 42 30 11 26 28 36 46 41 15 28 17 29 25 32 14 15 36 29 11 25 21 39 31 36 15 12 28 27 21 25 26 22 48 43 47 44 28 44 32 17 38 14 42 45];
passengers=[39 43 50 42 40 7 13 21 2 19 32 7 26 38 14 7 16 34 15 24 28 12 2 17 17 38 36 32 30 2 18 19 23 8 36 48 38 36 24 34 6 48 13 44 37 37 47 31 38 4 32 22 3 40 4 25 20 9 38 46];
capacity=[34 77 50 25 59 58 21 26 65 41 46 68 25 38 39 19 29 59 54 48 20 12 21 44 18 65 55 15 77 61 60 30 11 44 19 60 75 15 10 24 30 65 61 53 10 66 65 73];
costTime=[0.14 0.1 0.1 0.07 0.11 0.09 0.08 0.14 0.18 0.12 0.1 0.18 0.15 0.08 0.14 0.07 0.16 0.09 0.05 0.15 0.11 0.06 0.09 0.15 0.11 0.06 0.15 0.17 0.06 0.19 0.07 0.14 0.15 0.08 0.16 0.09 0.11 0.06 0.12 0.18 0.17 0.11 0.12 0.13 0.07 0.07 0.1 0.06];
costDist=[0.12 0.13 0.17 0.28 0.11 0.15 0.28 0.28 0.26 0.12 0.11 0.25 0.16 0.18 0.12 0.15 0.11 0.16 0.22 0.27 0.27 0.29 0.24 0.18 0.18 0.26 0.25 0.25 0.25 0.12 0.14 0.11 0.12 0.15 0.19 0.2 0.14 0.23 0.17 0.26 0.22 0.16 0.19 0.16 0.28 0.28 0.29 0.28];
maxTime=[271 245 299 286 261 274 269 298 262 267 286 261 298 263 300 278 277 287 276 241 289 287 292 245 259 294 255 248 244 279 290 299 296 271 262 255];
costBM=[0.19 0.11 0.19 0.11 0.18 0.16 0.16 0.14 0.19 0.12 0.17 0.1 0.17 0.11 0.15 0.13 0.17 0.18 0.19 0.19 0.18 0.18 0.11 0.17 0.15 0.13 0.19 0.16 0.19 0.16 0.13 0.17 0.18 0.11 0.19 0.18];
costEM=[0.27 0.29 0.3 0.25 0.3 0.28 0.3 0.25 0.29 0.26 0.3 0.26 0.27 0.28 0.28 0.29 0.28 0.28 0.3 0.28 0.25 0.28 0.25 0.26 0.29 0.28 0.29 0.28 0.3 0.3 0.29 0.28 0.3 0.27 0.26 0.25];
BM=[189 238 208 174 218 214 228 160 172 141 177 239 155 150 169 160 196 173 175 172 151 195 150 156 213 232 224 197 169 163 238 228 234 237 165 205];
