nServices=50;
nDrivers=30;
nBuses=40;
maxBuses=25;
startingTime=[972 253 869 952 1022 339 136 1079 1091 438 538 809 628 780 424 400 666 34 1078 987 995 68 775 290 606 67 980 202 1008 887 112 593 89 1096 482 328 690 548 65 107 154 1021 225 850 223 33 253 539 902 924];
durationTime=[47 79 119 97 116 77 91 86 72 63 116 107 45 60 40 72 82 110 84 100 82 52 116 40 112 110 44 96 74 53 84 112 68 42 84 70 97 44 100 40 64 119 117 101 100 101 104 69 76 60];
durationDist=[35 48 35 26 25 17 20 46 20 30 31 36 43 38 47 46 43 21 44 16 27 10 23 34 14 35 39 45 30 21 28 17 42 46 32 26 18 12 48 32 16 27 17 12 28 49 40 16 45 36];
passengers=[5 12 37 2 5 47 28 8 9 20 30 46 43 7 36 23 48 20 20 48 38 45 14 5 21 44 21 35 41 15 7 26 20 2 8 24 45 36 48 27 21 37 50 12 23 29 33 36 13 3];
capacity=[13 71 61 13 66 29 60 10 17 15 73 50 55 68 75 40 28 57 48 80 49 71 16 42 17 26 71 78 61 47 32 55 52 10 66 52 25 59 38 23];
costTime=[0.13 0.16 0.08 0.12 0.07 0.08 0.12 0.05 0.18 0.07 0.08 0.15 0.09 0.19 0.08 0.13 0.14 0.09 0.17 0.06 0.09 0.19 0.15 0.17 0.19 0.1 0.08 0.19 0.12 0.09 0.16 0.15 0.16 0.2 0.14 0.15 0.09 0.07 0.06 0.2];
costDist=[0.24 0.13 0.23 0.28 0.3 0.19 0.22 0.23 0.27 0.2 0.29 0.23 0.13 0.21 0.25 0.21 0.27 0.15 0.29 0.28 0.18 0.2 0.25 0.27 0.2 0.29 0.26 0.18 0.27 0.26 0.27 0.24 0.27 0.18 0.16 0.22 0.17 0.23 0.2 0.3];
maxTime=[283 271 300 281 298 298 293 298 291 298 295 254 253 284 273 272 246 300 263 271 259 289 240 265 246 285 250 287 292 272];
costBM=[0.14 0.11 0.18 0.11 0.12 0.15 0.18 0.16 0.11 0.2 0.15 0.1 0.11 0.11 0.12 0.13 0.19 0.12 0.13 0.16 0.14 0.13 0.19 0.18 0.17 0.11 0.12 0.13 0.15 0.14];
costEM=[0.27 0.29 0.26 0.28 0.25 0.3 0.3 0.27 0.27 0.28 0.29 0.26 0.26 0.28 0.26 0.29 0.29 0.25 0.27 0.26 0.29 0.26 0.29 0.3 0.29 0.28 0.26 0.29 0.28 0.27];
BM=[208 183 190 163 163 235 233 187 175 210 229 193 223 206 190 159 199 225 217 215 203 183 157 237 154 198 207 171 240 162];
